18-06-15 13:49:29.424982: Cargando datos desde dataset.csv...
18-06-15 13:49:30.226021: Extrayendo columnas...
18-06-15 13:49:30.264711: Normalizando X...
18-06-15 13:49:30.605461: Separando datasets...

================================================================================
18-06-15 13:49:30.835605: Iniciando prueba para Vecinos más próximos (Nearest Neighbors)
Score general: 0.011768282868027113
Matríz de confusión:
[[ 100 1562  404  129   31    6    0    0    0    0    0    0    0    0
     0    0    0    0    0    0    0    1    1    0    2]
 [1476   38  532  150   35    4    0    0    0    0    0    0    0    0
     0    0    0    0    0    0    0    0    1    0    0]
 [1220  772   21  181   38    3    0    0    0    0    0    0    0    0
     0    0    0    0    0    0    0    0    1    0    0]
 [ 929  964  267   11   57    9    0    0    0    0    0    0    0    0
     0    0    0    0    0    0    0    0    0    0    0]
 [ 722  886  475  118   12   21    3    0    0    0    0    0    0    0
     0    0    0    0    0    0    0    0    0    0    0]
 [ 319  562  716  478  115    8   34    4    0    0    0    0    0    0
     0    0    0    0    0    0    0    0    0    0    0]
 [  86  263  440  593  410  283   10  132   17    3    0    0    0    0
     0    0    0    0    0    0    0    0    0    0    0]
 [   7   37  102  149  248  480  717   30  403   54    9    0    0    0
     1    0    0    0    0    0    0    0    0    0    0]
 [   1    2   12   27   44  137  509  985   40  397   65   15    2    0
     0    0    0    0    0    0    0    0    0    0    0]
 [   0    0    5   14   46  136  464  974  492    9   75   18    2    0
     0    1    0    0    0    0    0    0    0    0    0]
 [   0    0    3    5   13   76  319  835  766  163   10   43    3    1
     0    0    0    0    0    0    0    0    0    0    0]
 [   0    0    0    1    0    2   56  201  746  420  405   56  272   62
     9    2    2    2    0    0    0    0    0    0    0]
 [   0    0    0    0    0    0    2   13  111  133  220  807   37  706
   172   25    9    1    0    0    0    0    0    0    0]
 [   0    0    0    0    0    0    0    4   27   44  112  613  985   22
   341   63   23    2    0    0    0    0    0    0    0]
 [   0    0    0    0    0    0    0    0    0    1    1   99  664  686
    29  586  146   23    1    1    0    0    0    0    0]
 [   0    0    0    0    0    0    0    0    0    0    7   76  475  807
   671    8  163   27    3    0    0    0    0    0    0]
 [   0    0    0    0    0    0    0    0    0    0    4   51  353  683
   847  240    5   46    7    0    0    0    0    0    0]
 [   0    0    0    0    0    0    0    0    0    0    0    1   24   74
   435  673  312   32  642   37    6    1    0    0    0]
 [   0    0    0    0    0    0    0    0    0    0    0    0   18   63
   270  430  584  790   11   60   10    1    0    0    0]
 [   0    0    0    0    0    0    0    0    0    0    0    0   10   50
   179  332  552  918  154    3   35    3    0    0    1]
 [   0    0    0    0    0    0    0    0    0    0    0    0    8   33
   141  288  515  968  206   66    7    4    0    0    1]
 [ 172   41   11    0    0    0    0    0    0    0    0    0    0    4
     5   18   43  363  410  416  166   81  477   16   14]
 [ 433  154   52   12    2    0    0    0    0    0    0    0    0    0
     1    2   10  124  163  244  165  756   49   29   40]
 [ 792  366  132   47   12    0    0    0    0    0    0    0    0    0
     0    0    3   14   41   82   80  520   61   12   74]
 [ 821  392  232   93   25    3    2    0    0    0    0    0    0    0
     0    0    2    7   26   44   72  424   46   31   17]]
Reporte de resultados:
             precision    recall  f1-score   support

          1       0.01      0.04      0.02      2236
          2       0.01      0.02      0.01      2236
          3       0.01      0.01      0.01      2236
          4       0.01      0.00      0.01      2237
          5       0.01      0.01      0.01      2237
          6       0.01      0.00      0.00      2236
          7       0.00      0.00      0.00      2237
          8       0.01      0.01      0.01      2237
          9       0.02      0.02      0.02      2236
         10       0.01      0.00      0.01      2236
         11       0.01      0.00      0.01      2237
         12       0.03      0.03      0.03      2236
         13       0.01      0.02      0.01      2236
         14       0.01      0.01      0.01      2236
         15       0.01      0.01      0.01      2237
         16       0.00      0.00      0.00      2237
         17       0.00      0.00      0.00      2236
         18       0.01      0.01      0.01      2237
         19       0.01      0.00      0.01      2237
         20       0.00      0.00      0.00      2237
         21       0.01      0.00      0.01      2237
         22       0.05      0.04      0.04      2237
         23       0.08      0.02      0.03      2236
         24       0.14      0.01      0.01      2236
         25       0.11      0.01      0.01      2237

avg / total       0.02      0.01      0.01     55913

################################################################################

================================================================================
18-06-15 14:10:54.752793: Iniciando prueba para Bayesiano ingenuo (Naive Bayes)
Score general: 0.13077459624774201
Matríz de confusión:
[[1171  366  200   42    7    0    2    3    5    2    0    3   28   14
   170   16    4   20   13    0    1    2   17   95   55]
 [ 737  437  406  176   25    7    6    6   15    3    2    4   15   13
    90   38   16   38   33   13    1    1    9   65   80]
 [ 255  359  505  376  186   69   30   29   23    8    6    2   11    8
    40   50   36   40   59   30   10    2    5   31   66]
 [  45  151  427  466  491  230   91   41   11    6   12    0    1    3
    10   18   41   13   54   41   55    0    1    8   21]
 [  14   58  219  323  659  478  103   25    7   13    8    0    3    1
     1    8   43    6   36   30  196    0    0    0    6]
 [  16   36  106  231  532  455  132   47   18   33   65   14    5    1
     3   12   41   18   45   52  339    5    3    5   22]
 [  11   22  104  176  315  356  153   69   46   70  131   51   10    8
    14   22   57   17   64   81  402   12    5    7   34]
 [  36   51   95  137  173  165  116   75   77  118  156  136   77   39
    47   35   85   40   82   78  201   85   36   42   55]
 [  74   78   99   88   65   86   77  100   96   94   83  153  176   68
   138   57   93   59   93   59   83  106   62   83   66]
 [  42   36   66   96  112  178  115   99   76  111  190  154   66   39
    54   23   87   48   75   74  302   69   31   37   56]
 [  17   26   42   67  115  186  108   86   68  160  228  148   52   19
    35   23   57   31   70   65  470   79   17   29   39]
 [  64   31   48   35   53   82   54   83   73  106  159  214  221   68
   139   35   73   57   70   53  127  143   94  104   50]
 [ 220   58   44   25   17   26   19   35   78   49   38  134  311   90
   357   48   42   61   47   27   23  101  114  204   68]
 [ 204   60   66   33   31   28   24   50   81   56   55  127  260   84
   316   44   68   73   70   37   41  100   91  174   63]
 [ 466  100   63   24   12    6    8   23   57   14    5   33  230   76
   398   59   50   73   48   16    2   52  105  234   83]
 [ 211  121  111   76   42   51   38   60  110   56   49   76  135   61
   201   81  103  120   94   58   52   62   54  124   91]
 [  67   95  120  105   76  126   74   80   96   85  120   61   46   22
    56   64  140  104  179  105  206   47   20   45   97]
 [ 206  102  116   72   32   47   36   63  104   48   55   71  136   67
   208   60  105   97  116   36   42   74   72  128  144]
 [  69   63  124   96   86  118   83   72   91   78  121   75   50   42
    60   60  152  110  131  123  211   47   29   55   91]
 [  25   50   98  109  117  191  113   80   50   77  149   58   23   18
    23   33  122   69  122  124  444   45   15   19   63]
 [   6   14   77   86  129  296  134   37   30   65  190   42    3    2
     5   16   63   28   75  108  763   27    6    5   30]
 [ 180   64   52   26   17   11   21   36   71   47  120  209  224   61
   198   30   53   72   73   53   83  157  115  172   92]
 [ 287   75   77   40   17   11   27   32   62   21   60  121  209   61
   251   38   53   62   54   51   41  153  103  228  102]
 [ 461  106   89   42   13   13    8   19   53   13   39   76  167   63
   300   33   38   63   43   20   24  102  113  229  109]
 [ 308  139  128   59   27   30   26   48   84   36   86   90  101   64
   157   39   68   68   71   53   65  108   71  187  124]]
Reporte de resultados:
             precision    recall  f1-score   support

          1       0.23      0.52      0.32      2236
          2       0.16      0.20      0.18      2236
          3       0.15      0.23      0.18      2236
          4       0.16      0.21      0.18      2237
          5       0.20      0.29      0.24      2237
          6       0.14      0.20      0.17      2236
          7       0.10      0.07      0.08      2237
          8       0.06      0.03      0.04      2237
          9       0.06      0.04      0.05      2236
         10       0.08      0.05      0.06      2236
         11       0.11      0.10      0.10      2237
         12       0.10      0.10      0.10      2236
         13       0.12      0.14      0.13      2236
         14       0.08      0.04      0.05      2236
         15       0.12      0.18      0.14      2237
         16       0.09      0.04      0.05      2237
         17       0.08      0.06      0.07      2236
         18       0.07      0.04      0.05      2237
         19       0.07      0.06      0.06      2237
         20       0.09      0.06      0.07      2237
         21       0.18      0.34      0.24      2237
         22       0.10      0.07      0.08      2237
         23       0.09      0.05      0.06      2236
         24       0.10      0.10      0.10      2236
         25       0.07      0.06      0.06      2237

avg / total       0.11      0.13      0.11     55913

################################################################################

================================================================================
18-06-15 14:10:56.283944: Iniciando prueba para SVM Lineal (Linear SVM)
Score general: 0.1433119310357162
Matríz de confusión:
[[2211    3    0    0    0    0    1    0    0    1    4    0    0    0
     0    0    1    0    2   10    3    0    0    0    0]
 [ 539 1067  259    2    0    0    6   13   15    7   28   18   40   23
    41   24   35   10   26   38   12    6    0    5   22]
 [  88  235  801  323    0    0   11   13   35    5   63   34   78   30
   113   26   64   16   39   98   81   11    3   31   38]
 [   9   30  210 1122  146   87   21    5   13   14   47   22   47   10
    74    5   30    8   20   70  225    3    1    6   12]
 [   3    4   70  450  463  602   17    8    5    5   30   17   21   14
    16    3   19   10   12   26  433    4    0    1    4]
 [  26   17   69  331  460  635   31   14   12   13   45   13   17    6
    16   10   27   12   15   40  416    0    1    2    8]
 [  43   20  118  364  368  552   49   20   29   23   57   25   30   12
    13   14   48    6   38   57  323    3    1    5   19]
 [ 243   81  179  318  273  305   41   21   31   44   68   27   58   35
    30   22   84   36   57   74  145   13    6   11   35]
 [ 430  129  189  252  169  156   19   35   49   30   43   45  115   65
    57   44   85   42   62   54   63   30    5   14   54]
 [ 263   64  130  244  254  375   61   39   36   47   82   40   49   44
    29   26   82   24   50   65  172   18    6    7   29]
 [ 211   56  113  243  265  463   47   45   45   69   67   28   21   17
    14   26   87   30   54   53  243   11    1    5   23]
 [ 564  103  132  201  187  243   13   30   63   30   40   53   53   69
    45   56   69   49   54   39   60   18   15    8   42]
 [ 852  164  116  153   83   79    5    5   43   17    8   26  169   85
   137   38   36   50   16    9   11   20   21   32   61]
 [ 812  108  131  181   92  101    9   12   51   12   19   40  127   90
   103   56   50   53   31   12   18   31   19   30   48]
 [1082  137  119  107   51   37    1    2   31    6    2   19  175   84
   153   49   22   37    6    1    2   20   14   30   50]
 [ 672  111  161  176  136  129   13   21   63   25   21   41   76   79
    73   90   93   68   45   22   16   33   15   15   43]
 [ 336   93  137  212  243  259   23   46   65   49   51   48   34   40
    14   48  130   48  102   70  111   23    6   10   38]
 [ 585  148  165  194  131  104   16   25   71   20   27   45  100   66
    89   66   88   60   53   17   17   44   16   27   63]
 [ 343   87  142  235  211  278   33   35   52   40   74   48   36   43
    20   39  137   57   80   59  110   22    4   14   38]
 [ 231   64  115  213  273  421   31   44   37   49   71   23   19   22
     8   21  104   29   81   98  229   15    5    5   29]
 [ 111   36   84  198  309  590   49   20   28   48   90   13    1    9
     4   11   49   13   42   98  408    5    1    1   19]
 [ 674  168  176  162  102   96   21   25   37   15   26   36  107   46
    98   53   79   46   44   38   29   30   26   35   68]
 [ 897  171  191  152   62   45   10   11   26   14   22   30   98   43
   112   30   54   28   38   35   25   24   12   52   54]
 [1123  154  169   89   23   21    5   12   30    9   27   22  104   32
   119   27   43   26   27   16   20   16   33   48   41]
 [ 694  168  238  166   68   52   17   15   33   28   38   34   73   53
   107   33   71   27   57   40   35   29   16   85   60]]
Reporte de resultados:
             precision    recall  f1-score   support

          1       0.17      0.99      0.29      2236
          2       0.31      0.48      0.38      2236
          3       0.19      0.36      0.25      2236
          4       0.18      0.50      0.27      2237
          5       0.11      0.21      0.14      2237
          6       0.11      0.28      0.16      2236
          7       0.09      0.02      0.04      2237
          8       0.04      0.01      0.02      2237
          9       0.05      0.02      0.03      2236
         10       0.08      0.02      0.03      2236
         11       0.06      0.03      0.04      2237
         12       0.07      0.02      0.04      2236
         13       0.10      0.08      0.09      2236
         14       0.09      0.04      0.06      2236
         15       0.10      0.07      0.08      2237
         16       0.11      0.04      0.06      2237
         17       0.08      0.06      0.07      2236
         18       0.08      0.03      0.04      2237
         19       0.08      0.04      0.05      2237
         20       0.09      0.04      0.06      2237
         21       0.13      0.18      0.15      2237
         22       0.07      0.01      0.02      2237
         23       0.05      0.01      0.01      2236
         24       0.10      0.02      0.04      2236
         25       0.07      0.03      0.04      2237

avg / total       0.10      0.14      0.10     55913

################################################################################

================================================================================
18-06-15 15:22:48.260110: Iniciando prueba para Árbol de decisión (Decision Tree)
Score general: 0.11399853343587359
Matríz de confusión:
[[2098    0    0    0    0    0    0   16    0    4    0    0    0    0
     0    0    0   18    0    0  100    0    0    0    0]
 [2026    0    0    0    0    0    0    7   20    2    0    0    0    0
     0    0    0   90    0    0   91    0    0    0    0]
 [1847    0    0    0    0    0    0    0  104   28    0    0    0    0
     0    0    0  105    0    0  152    0    0    0    0]
 [1736    0    0    0    0    0    0   18   71   84    0    0    0    0
     0    0    0  136    0    0  192    0    0    0    0]
 [1775    0    0    0    0    0    0   82  132   77    0    0    0    0
     0    0    0  161    0    0   10    0    0    0    0]
 [1771    0    0    0    0    0    0   97  162  145    0    0    0    0
     0    0    0    9    0    0   52    0    0    0    0]
 [1713    0    0    0    0    0    0  129    6  149    0    0    0    0
     0    0    0   58    0    0  182    0    0    0    0]
 [1652    0    0    0    0    0    0  157   49   11    0    0    0    0
     0    0    0  174    0    0  194    0    0    0    0]
 [1728    0    0    0    0    0    0    5  197   55    0    0    0    0
     0    0    0  190    0    0   61    0    0    0    0]
 [1592    0    0    0    0    0    0   42  220  187    0    0    0    0
     0    0    0   51    0    0  144    0    0    0    0]
 [1615    0    0    0    0    0    0    0   62    0  408    0    0    0
     0    0    0  151    0    0    1    0    0    0    0]
 [1831    0    0    0    0    0    0    0  153    0   59  188    0    0
     0    0    0    1    0    0    4    0    0    0    0]
 [1840    0    0    0    0    0    0    0    3    0  165    0    0   61
     0    0    0    5    0    0  162    0    0    0    0]
 [1921    0    0    0    0    0    0    0    5    0    1    0    0  142
     0    0    0  155    0    0   12    0    0    0    0]
 [2024    0    0    0    0    0    0    0  149    0    3    0    0    2
     0    0    0   19    0    0   40    0    0    0    0]
 [1998    0    0    0    0    0    0    0   12    0  167    0    0    7
     0    0    0   30    0    0   23    0    0    0    0]
 [1770    0    0    0    0    0    0    0   27    0   15    0    0  149
     0    0    0   12    0    0  263    0    0    0    0]
 [1793    0    0    0    0    0    0    0   20    0   39    0    0   13
     0    0    0  285    0    0   87    0    0    0    0]
 [1703    0    0    0    0    0    0    0    0    0   19    0    0   27
     0    0    0  116  295    0   77    0    0    0    0]
 [1743    0    0    0    0    0    0    0    0    0    0    0    0   15
     0    0    0   88  103  268   20    0    0    0    0]
 [1447    0    0    0    0    0    0    0    0    0    0    0    0    0
     0    0    0   19  107    0  664    0    0    0    0]
 [1674    0    0    0    0    0    0    0    0    0    0    0    0    0
     0    0    0    0   16    0  106  441    0    0    0]
 [1800    0    0    0    0    0    0    0    0    0    0    0    0    0
     0    0    0    3    0    0   39    0  394    0    0]
 [1872    0    0    0    0    0    0    0    7    0    0    0    0    0
     0    0    0   14    0    0    4    0   20  319    0]
 [1876    0    0    0    0    0    0    0   15    7    0    0    0    0
     0    0    0    7    0    0    1    0    0    0  331]]
Reporte de resultados:
             precision    recall  f1-score   support

          1       0.05      0.94      0.09      2236
          2       0.00      0.00      0.00      2236
          3       0.00      0.00      0.00      2236
          4       0.00      0.00      0.00      2237
          5       0.00      0.00      0.00      2237
          6       0.00      0.00      0.00      2236
          7       0.00      0.00      0.00      2237
          8       0.28      0.07      0.11      2237
          9       0.14      0.09      0.11      2236
         10       0.25      0.08      0.13      2236
         11       0.47      0.18      0.26      2237
         12       1.00      0.08      0.16      2236
         13       0.00      0.00      0.00      2236
         14       0.34      0.06      0.11      2236
         15       0.00      0.00      0.00      2237
         16       0.00      0.00      0.00      2237
         17       0.00      0.00      0.00      2236
         18       0.15      0.13      0.14      2237
         19       0.57      0.13      0.21      2237
         20       1.00      0.12      0.21      2237
         21       0.25      0.30      0.27      2237
         22       1.00      0.20      0.33      2237
         23       0.95      0.18      0.30      2236
         24       1.00      0.14      0.25      2236
         25       1.00      0.15      0.26      2237

avg / total       0.34      0.11      0.12     55913

################################################################################

================================================================================
18-06-15 15:22:50.324956: Iniciando prueba para Bosques aleatorios (Random Forest)
Score general: 0.15790603258633948
Matríz de confusión:
[[ 306  201  194  364   21    4   24   27  111    3    1    2  154   32
    77    8   35   18   11    8   18    8  382  182   45]
 [  29  472  325  775   67    6    8   16   41   11    5    0   42   21
   106    1   43   13    8   34    8    7   18  173    7]
 [  21   75  653 1158   97    8   19    3   15    7    3    1   10    3
    22    6   40   11   15   14   23    3   17    7    5]
 [   5   53  219 1512  215   23   11    3    7    8    5    1    2    1
     4    0   12    3    1   18  123    0    1    5    5]
 [  10   38  140 1291  227   57   23    7    7    4   14    1    3    0
     5    0   38   16    4   20  278    1    6   12   35]
 [  41   71  130  854  190  101   90   28   49   13   11   10   42    4
    19    5   47   35   17   23  278   12   68   35   63]
 [  83   85  116  464  103   67  133   73   98   22   18   29  118   15
    33    9   34   37   11   33  299   27  120   88  122]
 [  90   97   90  267   55   28   96   87  207   23   22   39  207   47
    75   12   40   37   24   40  165   52  179  150  108]
 [ 142  108  107  196   28   12   60   61  272   37    6    7  302   67
   123   19   35   36   28   41   24   55  259  202    9]
 [  84  122  160  267   54   31   69   36  161   46   36   25  153   48
   137   26   84   28   36   66  135   15  121  219   77]
 [  39   99  160  305   62   41   44   26   47   39   88   38   62   42
   112   20  135   43    9  100  366   18   52  132  158]
 [  68   44   90  147   26   12   29   38   84   26   59   71  340   69
   118   37  114   80   22   65  251   52  184   95  115]
 [  79   56   41   69   24   10   27   36  130    9   25   35  578   81
   180   24   69   76   35   55   74   60  225  204   34]
 [  56   66   64   72   20    6   26   55  112   11   29   39  368  129
   209   32  124   76   37   70  151   38  159  182  105]
 [  83  105  106  137   11    8   16   38  121   17    6    6  285   91
   335   49  178  121   44   94    5   35  144  199    3]
 [  73   79  181  213   43   12   23   18   75   11   28    8  183   60
   212   66  295  112   68  133  130   11   76  113   14]
 [   5   88  171  339   69    5    8    8   16   10   56    6   14   27
   115   30  414   50    8  190  444    1    5   63   94]
 [  88   67  189  298   43    6   27   18   61    3   13    6  193   41
   200   69  242  216   59  110   61   67   72   73   15]
 [  48   56  168  287   52    5   39   30   86    9    7    9  198   46
   137   50  239  137  105  139  113   20  154   74   29]
 [  20  101  180  413   93   14   32   10   39   24   14    9   64   27
   112   27  234   73   24  275  263   17   36  123   13]
 [  13   23  136  373   70   25   24   11   15    8   23   17   40    7
    35   10  157   37   18  147  883   16   36   19   94]
 [  90   72   59  142   35   14   50   55   88   17   12   21  185   37
   103   15   62   39   22   65  183  295  321  174   81]
 [ 146   61   59   96   24   10   26   46   71   20    7   26  212   52
    76   13   40   24   19   25  106   68  701  211   97]
 [ 102  147   77  141   43   24   36   25   82   44   12    4  157   50
   106    6   44   22   12   47   96   67  323  531   38]
 [  92   96  157  196   40   27   33   27   43   11   44   16   59   30
    83   18   85   20    8   43  358   28  192  198  333]]
Reporte de resultados:
             precision    recall  f1-score   support

          1       0.17      0.14      0.15      2236
          2       0.19      0.21      0.20      2236
          3       0.16      0.29      0.21      2236
          4       0.15      0.68      0.24      2237
          5       0.13      0.10      0.11      2237
          6       0.18      0.05      0.07      2236
          7       0.14      0.06      0.08      2237
          8       0.11      0.04      0.06      2237
          9       0.13      0.12      0.13      2236
         10       0.11      0.02      0.03      2236
         11       0.16      0.04      0.06      2237
         12       0.17      0.03      0.05      2236
         13       0.15      0.26      0.19      2236
         14       0.13      0.06      0.08      2236
         15       0.12      0.15      0.13      2237
         16       0.12      0.03      0.05      2237
         17       0.15      0.19      0.16      2236
         18       0.16      0.10      0.12      2237
         19       0.16      0.05      0.07      2237
         20       0.15      0.12      0.13      2237
         21       0.18      0.39      0.25      2237
         22       0.30      0.13      0.18      2237
         23       0.18      0.31      0.23      2236
         24       0.15      0.24      0.19      2236
         25       0.20      0.15      0.17      2237

avg / total       0.16      0.16      0.13     55913

################################################################################

================================================================================
18-06-15 15:22:51.152779: Iniciando prueba para Red Neuronal (Neural Network, NN)
Epoch 1/250
 - 66s - loss: 2.1080 - acc: 0.3006
Epoch 2/250
 - 57s - loss: 1.4489 - acc: 0.4827
Epoch 3/250
 - 60s - loss: 1.0074 - acc: 0.6193
Epoch 4/250
 - 59s - loss: 0.7952 - acc: 0.7045
Epoch 5/250
 - 59s - loss: 0.6598 - acc: 0.7551
Epoch 6/250
 - 65s - loss: 0.5644 - acc: 0.7927
Epoch 7/250
 - 61s - loss: 0.4927 - acc: 0.8201
Epoch 8/250
 - 59s - loss: 0.4365 - acc: 0.8413
Epoch 9/250
 - 57s - loss: 0.3893 - acc: 0.8594
Epoch 10/250
 - 58s - loss: 0.3481 - acc: 0.8765
Epoch 11/250
 - 58s - loss: 0.3109 - acc: 0.8917
Epoch 12/250
 - 63s - loss: 0.2771 - acc: 0.9060
Epoch 13/250
 - 61s - loss: 0.2494 - acc: 0.9179
Epoch 14/250
 - 57s - loss: 0.2227 - acc: 0.9288
Epoch 15/250
 - 55s - loss: 0.1994 - acc: 0.9388
Epoch 16/250
 - 55s - loss: 0.1796 - acc: 0.9465
Epoch 17/250
 - 55s - loss: 0.1611 - acc: 0.9543
Epoch 18/250
 - 53s - loss: 0.1445 - acc: 0.9611
Epoch 19/250
 - 56s - loss: 0.1309 - acc: 0.9666
Epoch 20/250
 - 55s - loss: 0.1175 - acc: 0.9721
Epoch 21/250
 - 54s - loss: 0.1066 - acc: 0.9762
Epoch 22/250
 - 55s - loss: 0.0974 - acc: 0.9783
Epoch 23/250
 - 58s - loss: 0.0877 - acc: 0.9814
Epoch 24/250
 - 58s - loss: 0.0815 - acc: 0.9836
Epoch 25/250
 - 62s - loss: 0.0749 - acc: 0.9848
Epoch 26/250
 - 62s - loss: 0.0687 - acc: 0.9867
Epoch 27/250
 - 60s - loss: 0.0645 - acc: 0.9875
Epoch 28/250
 - 65s - loss: 0.0600 - acc: 0.9883
Epoch 29/250
 - 63s - loss: 0.0560 - acc: 0.9891
Epoch 30/250
 - 60s - loss: 0.0535 - acc: 0.9894
Epoch 31/250
 - 66s - loss: 0.0497 - acc: 0.9901
Epoch 32/250
 - 60s - loss: 0.0476 - acc: 0.9906
Epoch 33/250
 - 60s - loss: 0.0449 - acc: 0.9910
Epoch 34/250
 - 60s - loss: 0.0436 - acc: 0.9909
Epoch 35/250
 - 65s - loss: 0.0416 - acc: 0.9914
Epoch 36/250
 - 62s - loss: 0.0402 - acc: 0.9918
Epoch 37/250
 - 62s - loss: 0.0379 - acc: 0.9925
Epoch 38/250
 - 60s - loss: 0.0376 - acc: 0.9919
Epoch 39/250
 - 63s - loss: 0.0356 - acc: 0.9922
Epoch 40/250
 - 63s - loss: 0.0348 - acc: 0.9926
Epoch 41/250
 - 60s - loss: 0.0341 - acc: 0.9927
Epoch 42/250
 - 61s - loss: 0.0330 - acc: 0.9927
Epoch 43/250
 - 61s - loss: 0.0324 - acc: 0.9928
Epoch 44/250
 - 59s - loss: 0.0308 - acc: 0.9932
Epoch 45/250
 - 62s - loss: 0.0307 - acc: 0.9932
Epoch 46/250
 - 59s - loss: 0.0304 - acc: 0.9929
Epoch 47/250
 - 62s - loss: 0.0287 - acc: 0.9936
Epoch 48/250
 - 60s - loss: 0.0284 - acc: 0.9935
Epoch 49/250
 - 62s - loss: 0.0280 - acc: 0.9935
Epoch 50/250
 - 64s - loss: 0.0263 - acc: 0.9940
Epoch 51/250
 - 59s - loss: 0.0263 - acc: 0.9935
Epoch 52/250
 - 52s - loss: 0.0260 - acc: 0.9939
Epoch 53/250
 - 52s - loss: 0.0253 - acc: 0.9940
Epoch 54/250
 - 52s - loss: 0.0247 - acc: 0.9940
Epoch 55/250
 - 52s - loss: 0.0244 - acc: 0.9940
Epoch 56/250
 - 52s - loss: 0.0246 - acc: 0.9941
Epoch 57/250
 - 53s - loss: 0.0242 - acc: 0.9941
Epoch 58/250
 - 52s - loss: 0.0233 - acc: 0.9943
Epoch 59/250
 - 52s - loss: 0.0234 - acc: 0.9943
Epoch 60/250
 - 51s - loss: 0.0231 - acc: 0.9940
Epoch 61/250
 - 52s - loss: 0.0226 - acc: 0.9944
Epoch 62/250
 - 52s - loss: 0.0220 - acc: 0.9945
Epoch 63/250
 - 54s - loss: 0.0228 - acc: 0.9943
Epoch 64/250
 - 55s - loss: 0.0212 - acc: 0.9948
Epoch 65/250
 - 56s - loss: 0.0221 - acc: 0.9944
Epoch 66/250
 - 54s - loss: 0.0216 - acc: 0.9946
Epoch 67/250
 - 53s - loss: 0.0204 - acc: 0.9949
Epoch 68/250
 - 52s - loss: 0.0203 - acc: 0.9952
Epoch 69/250
 - 55s - loss: 0.0215 - acc: 0.9944
Epoch 70/250
 - 54s - loss: 0.0205 - acc: 0.9950
Epoch 71/250
 - 53s - loss: 0.0198 - acc: 0.9949
Epoch 72/250
 - 51s - loss: 0.0198 - acc: 0.9950
Epoch 73/250
 - 54s - loss: 0.0184 - acc: 0.9955
Epoch 74/250
 - 54s - loss: 0.0194 - acc: 0.9950
Epoch 75/250
 - 56s - loss: 0.0190 - acc: 0.9950
Epoch 76/250
 - 55s - loss: 0.0189 - acc: 0.9951
Epoch 77/250
 - 54s - loss: 0.0191 - acc: 0.9953
Epoch 78/250
 - 52s - loss: 0.0185 - acc: 0.9953
Epoch 79/250
 - 52s - loss: 0.0183 - acc: 0.9953
Epoch 80/250
 - 52s - loss: 0.0183 - acc: 0.9954
Epoch 81/250
 - 52s - loss: 0.0176 - acc: 0.9953
Epoch 82/250
 - 53s - loss: 0.0184 - acc: 0.9954
Epoch 83/250
 - 52s - loss: 0.0170 - acc: 0.9956
Epoch 84/250
 - 51s - loss: 0.0180 - acc: 0.9953
Epoch 85/250
 - 53s - loss: 0.0174 - acc: 0.9954
Epoch 86/250
 - 52s - loss: 0.0176 - acc: 0.9952
Epoch 87/250
 - 53s - loss: 0.0173 - acc: 0.9953
Epoch 88/250
 - 52s - loss: 0.0176 - acc: 0.9955
Epoch 89/250
 - 51s - loss: 0.0162 - acc: 0.9959
Epoch 90/250
 - 56s - loss: 0.0174 - acc: 0.9956
Epoch 91/250
 - 53s - loss: 0.0163 - acc: 0.9957
Epoch 92/250
 - 52s - loss: 0.0173 - acc: 0.9955
Epoch 93/250
 - 52s - loss: 0.0164 - acc: 0.9956
Epoch 94/250
 - 56s - loss: 0.0165 - acc: 0.9957
Epoch 95/250
 - 55s - loss: 0.0166 - acc: 0.9957
Epoch 96/250
 - 58s - loss: 0.0163 - acc: 0.9958
Epoch 97/250
 - 56s - loss: 0.0164 - acc: 0.9955
Epoch 98/250
 - 57s - loss: 0.0158 - acc: 0.9959
Epoch 99/250
 - 53s - loss: 0.0157 - acc: 0.9958
Epoch 100/250
 - 57s - loss: 0.0164 - acc: 0.9955
Epoch 101/250
 - 56s - loss: 0.0152 - acc: 0.9960
Epoch 102/250
 - 54s - loss: 0.0145 - acc: 0.9962
Epoch 103/250
 - 54s - loss: 0.0161 - acc: 0.9956
Epoch 104/250
 - 55s - loss: 0.0147 - acc: 0.9960
Epoch 105/250
 - 55s - loss: 0.0148 - acc: 0.9962
Epoch 106/250
 - 55s - loss: 0.0149 - acc: 0.9960
Epoch 107/250
 - 53s - loss: 0.0143 - acc: 0.9959
Epoch 108/250
 - 53s - loss: 0.0151 - acc: 0.9960
Epoch 109/250
 - 54s - loss: 0.0144 - acc: 0.9962
Epoch 110/250
 - 52s - loss: 0.0155 - acc: 0.9960
