Vecinos más próximos (Nearest Neighbors) - score general: 0.011768282868027113
Matríz de confusión:
[[ 100 1562  404  129   31    6    0    0    0    0    0    0    0    0
     0    0    0    0    0    0    0    1    1    0    2]
 [1476   38  532  150   35    4    0    0    0    0    0    0    0    0
     0    0    0    0    0    0    0    0    1    0    0]
 [1220  772   21  181   38    3    0    0    0    0    0    0    0    0
     0    0    0    0    0    0    0    0    1    0    0]
 [ 929  964  267   11   57    9    0    0    0    0    0    0    0    0
     0    0    0    0    0    0    0    0    0    0    0]
 [ 722  886  475  118   12   21    3    0    0    0    0    0    0    0
     0    0    0    0    0    0    0    0    0    0    0]
 [ 319  562  716  478  115    8   34    4    0    0    0    0    0    0
     0    0    0    0    0    0    0    0    0    0    0]
 [  86  263  440  593  410  283   10  132   17    3    0    0    0    0
     0    0    0    0    0    0    0    0    0    0    0]
 [   7   37  102  149  248  480  717   30  403   54    9    0    0    0
     1    0    0    0    0    0    0    0    0    0    0]
 [   1    2   12   27   44  137  509  985   40  397   65   15    2    0
     0    0    0    0    0    0    0    0    0    0    0]
 [   0    0    5   14   46  136  464  974  492    9   75   18    2    0
     0    1    0    0    0    0    0    0    0    0    0]
 [   0    0    3    5   13   76  319  835  766  163   10   43    3    1
     0    0    0    0    0    0    0    0    0    0    0]
 [   0    0    0    1    0    2   56  201  746  420  405   56  272   62
     9    2    2    2    0    0    0    0    0    0    0]
 [   0    0    0    0    0    0    2   13  111  133  220  807   37  706
   172   25    9    1    0    0    0    0    0    0    0]
 [   0    0    0    0    0    0    0    4   27   44  112  613  985   22
   341   63   23    2    0    0    0    0    0    0    0]
 [   0    0    0    0    0    0    0    0    0    1    1   99  664  686
    29  586  146   23    1    1    0    0    0    0    0]
 [   0    0    0    0    0    0    0    0    0    0    7   76  475  807
   671    8  163   27    3    0    0    0    0    0    0]
 [   0    0    0    0    0    0    0    0    0    0    4   51  353  683
   847  240    5   46    7    0    0    0    0    0    0]
 [   0    0    0    0    0    0    0    0    0    0    0    1   24   74
   435  673  312   32  642   37    6    1    0    0    0]
 [   0    0    0    0    0    0    0    0    0    0    0    0   18   63
   270  430  584  790   11   60   10    1    0    0    0]
 [   0    0    0    0    0    0    0    0    0    0    0    0   10   50
   179  332  552  918  154    3   35    3    0    0    1]
 [   0    0    0    0    0    0    0    0    0    0    0    0    8   33
   141  288  515  968  206   66    7    4    0    0    1]
 [ 172   41   11    0    0    0    0    0    0    0    0    0    0    4
     5   18   43  363  410  416  166   81  477   16   14]
 [ 433  154   52   12    2    0    0    0    0    0    0    0    0    0
     1    2   10  124  163  244  165  756   49   29   40]
 [ 792  366  132   47   12    0    0    0    0    0    0    0    0    0
     0    0    3   14   41   82   80  520   61   12   74]
 [ 821  392  232   93   25    3    2    0    0    0    0    0    0    0
     0    0    2    7   26   44   72  424   46   31   17]]
Reporte de resultados:
             precision    recall  f1-score   support

          1       0.01      0.04      0.02      2236
          2       0.01      0.02      0.01      2236
          3       0.01      0.01      0.01      2236
          4       0.01      0.00      0.01      2237
          5       0.01      0.01      0.01      2237
          6       0.01      0.00      0.00      2236
          7       0.00      0.00      0.00      2237
          8       0.01      0.01      0.01      2237
          9       0.02      0.02      0.02      2236
         10       0.01      0.00      0.01      2236
         11       0.01      0.00      0.01      2237
         12       0.03      0.03      0.03      2236
         13       0.01      0.02      0.01      2236
         14       0.01      0.01      0.01      2236
         15       0.01      0.01      0.01      2237
         16       0.00      0.00      0.00      2237
         17       0.00      0.00      0.00      2236
         18       0.01      0.01      0.01      2237
         19       0.01      0.00      0.01      2237
         20       0.00      0.00      0.00      2237
         21       0.01      0.00      0.01      2237
         22       0.05      0.04      0.04      2237
         23       0.08      0.02      0.03      2236
         24       0.14      0.01      0.01      2236
         25       0.11      0.01      0.01      2237

avg / total       0.02      0.01      0.01     55913

###############################################################################
Bayesiano ingenuo (Naive Bayes) - score general: 0.13077459624774201
Matríz de confusión:
[[1171  366  200   42    7    0    2    3    5    2    0    3   28   14
   170   16    4   20   13    0    1    2   17   95   55]
 [ 737  437  406  176   25    7    6    6   15    3    2    4   15   13
    90   38   16   38   33   13    1    1    9   65   80]
 [ 255  359  505  376  186   69   30   29   23    8    6    2   11    8
    40   50   36   40   59   30   10    2    5   31   66]
 [  45  151  427  466  491  230   91   41   11    6   12    0    1    3
    10   18   41   13   54   41   55    0    1    8   21]
 [  14   58  219  323  659  478  103   25    7   13    8    0    3    1
     1    8   43    6   36   30  196    0    0    0    6]
 [  16   36  106  231  532  455  132   47   18   33   65   14    5    1
     3   12   41   18   45   52  339    5    3    5   22]
 [  11   22  104  176  315  356  153   69   46   70  131   51   10    8
    14   22   57   17   64   81  402   12    5    7   34]
 [  36   51   95  137  173  165  116   75   77  118  156  136   77   39
    47   35   85   40   82   78  201   85   36   42   55]
 [  74   78   99   88   65   86   77  100   96   94   83  153  176   68
   138   57   93   59   93   59   83  106   62   83   66]
 [  42   36   66   96  112  178  115   99   76  111  190  154   66   39
    54   23   87   48   75   74  302   69   31   37   56]
 [  17   26   42   67  115  186  108   86   68  160  228  148   52   19
    35   23   57   31   70   65  470   79   17   29   39]
 [  64   31   48   35   53   82   54   83   73  106  159  214  221   68
   139   35   73   57   70   53  127  143   94  104   50]
 [ 220   58   44   25   17   26   19   35   78   49   38  134  311   90
   357   48   42   61   47   27   23  101  114  204   68]
 [ 204   60   66   33   31   28   24   50   81   56   55  127  260   84
   316   44   68   73   70   37   41  100   91  174   63]
 [ 466  100   63   24   12    6    8   23   57   14    5   33  230   76
   398   59   50   73   48   16    2   52  105  234   83]
 [ 211  121  111   76   42   51   38   60  110   56   49   76  135   61
   201   81  103  120   94   58   52   62   54  124   91]
 [  67   95  120  105   76  126   74   80   96   85  120   61   46   22
    56   64  140  104  179  105  206   47   20   45   97]
 [ 206  102  116   72   32   47   36   63  104   48   55   71  136   67
   208   60  105   97  116   36   42   74   72  128  144]
 [  69   63  124   96   86  118   83   72   91   78  121   75   50   42
    60   60  152  110  131  123  211   47   29   55   91]
 [  25   50   98  109  117  191  113   80   50   77  149   58   23   18
    23   33  122   69  122  124  444   45   15   19   63]
 [   6   14   77   86  129  296  134   37   30   65  190   42    3    2
     5   16   63   28   75  108  763   27    6    5   30]
 [ 180   64   52   26   17   11   21   36   71   47  120  209  224   61
   198   30   53   72   73   53   83  157  115  172   92]
 [ 287   75   77   40   17   11   27   32   62   21   60  121  209   61
   251   38   53   62   54   51   41  153  103  228  102]
 [ 461  106   89   42   13   13    8   19   53   13   39   76  167   63
   300   33   38   63   43   20   24  102  113  229  109]
 [ 308  139  128   59   27   30   26   48   84   36   86   90  101   64
   157   39   68   68   71   53   65  108   71  187  124]]
Reporte de resultados:
             precision    recall  f1-score   support

          1       0.23      0.52      0.32      2236
          2       0.16      0.20      0.18      2236
          3       0.15      0.23      0.18      2236
          4       0.16      0.21      0.18      2237
          5       0.20      0.29      0.24      2237
          6       0.14      0.20      0.17      2236
          7       0.10      0.07      0.08      2237
          8       0.06      0.03      0.04      2237
          9       0.06      0.04      0.05      2236
         10       0.08      0.05      0.06      2236
         11       0.11      0.10      0.10      2237
         12       0.10      0.10      0.10      2236
         13       0.12      0.14      0.13      2236
         14       0.08      0.04      0.05      2236
         15       0.12      0.18      0.14      2237
         16       0.09      0.04      0.05      2237
         17       0.08      0.06      0.07      2236
         18       0.07      0.04      0.05      2237
         19       0.07      0.06      0.06      2237
         20       0.09      0.06      0.07      2237
         21       0.18      0.34      0.24      2237
         22       0.10      0.07      0.08      2237
         23       0.09      0.05      0.06      2236
         24       0.10      0.10      0.10      2236
         25       0.07      0.06      0.06      2237

avg / total       0.11      0.13      0.11     55913

###############################################################################
SVM Lineal (Linear SVM) - score general: 0.1433119310357162
Matríz de confusión:
[[2211    3    0    0    0    0    1    0    0    1    4    0    0    0
     0    0    1    0    2   10    3    0    0    0    0]
 [ 539 1067  259    2    0    0    6   13   15    7   28   18   40   23
    41   24   35   10   26   38   12    6    0    5   22]
 [  88  235  801  323    0    0   11   13   35    5   63   34   78   30
   113   26   64   16   39   98   81   11    3   31   38]
 [   9   30  210 1122  146   87   21    5   13   14   47   22   47   10
    74    5   30    8   20   70  225    3    1    6   12]
 [   3    4   70  450  463  602   17    8    5    5   30   17   21   14
    16    3   19   10   12   26  433    4    0    1    4]
 [  26   17   69  331  460  635   31   14   12   13   45   13   17    6
    16   10   27   12   15   40  416    0    1    2    8]
 [  43   20  118  364  368  552   49   20   29   23   57   25   30   12
    13   14   48    6   38   57  323    3    1    5   19]
 [ 243   81  179  318  273  305   41   21   31   44   68   27   58   35
    30   22   84   36   57   74  145   13    6   11   35]
 [ 430  129  189  252  169  156   19   35   49   30   43   45  115   65
    57   44   85   42   62   54   63   30    5   14   54]
 [ 263   64  130  244  254  375   61   39   36   47   82   40   49   44
    29   26   82   24   50   65  172   18    6    7   29]
 [ 211   56  113  243  265  463   47   45   45   69   67   28   21   17
    14   26   87   30   54   53  243   11    1    5   23]
 [ 564  103  132  201  187  243   13   30   63   30   40   53   53   69
    45   56   69   49   54   39   60   18   15    8   42]
 [ 852  164  116  153   83   79    5    5   43   17    8   26  169   85
   137   38   36   50   16    9   11   20   21   32   61]
 [ 812  108  131  181   92  101    9   12   51   12   19   40  127   90
   103   56   50   53   31   12   18   31   19   30   48]
 [1082  137  119  107   51   37    1    2   31    6    2   19  175   84
   153   49   22   37    6    1    2   20   14   30   50]
 [ 672  111  161  176  136  129   13   21   63   25   21   41   76   79
    73   90   93   68   45   22   16   33   15   15   43]
 [ 336   93  137  212  243  259   23   46   65   49   51   48   34   40
    14   48  130   48  102   70  111   23    6   10   38]
 [ 585  148  165  194  131  104   16   25   71   20   27   45  100   66
    89   66   88   60   53   17   17   44   16   27   63]
 [ 343   87  142  235  211  278   33   35   52   40   74   48   36   43
    20   39  137   57   80   59  110   22    4   14   38]
 [ 231   64  115  213  273  421   31   44   37   49   71   23   19   22
     8   21  104   29   81   98  229   15    5    5   29]
 [ 111   36   84  198  309  590   49   20   28   48   90   13    1    9
     4   11   49   13   42   98  408    5    1    1   19]
 [ 674  168  176  162  102   96   21   25   37   15   26   36  107   46
    98   53   79   46   44   38   29   30   26   35   68]
 [ 897  171  191  152   62   45   10   11   26   14   22   30   98   43
   112   30   54   28   38   35   25   24   12   52   54]
 [1123  154  169   89   23   21    5   12   30    9   27   22  104   32
   119   27   43   26   27   16   20   16   33   48   41]
 [ 694  168  238  166   68   52   17   15   33   28   38   34   73   53
   107   33   71   27   57   40   35   29   16   85   60]]
Reporte de resultados:
             precision    recall  f1-score   support

          1       0.17      0.99      0.29      2236
          2       0.31      0.48      0.38      2236
          3       0.19      0.36      0.25      2236
          4       0.18      0.50      0.27      2237
          5       0.11      0.21      0.14      2237
          6       0.11      0.28      0.16      2236
          7       0.09      0.02      0.04      2237
          8       0.04      0.01      0.02      2237
          9       0.05      0.02      0.03      2236
         10       0.08      0.02      0.03      2236
         11       0.06      0.03      0.04      2237
         12       0.07      0.02      0.04      2236
         13       0.10      0.08      0.09      2236
         14       0.09      0.04      0.06      2236
         15       0.10      0.07      0.08      2237
         16       0.11      0.04      0.06      2237
         17       0.08      0.06      0.07      2236
         18       0.08      0.03      0.04      2237
         19       0.08      0.04      0.05      2237
         20       0.09      0.04      0.06      2237
         21       0.13      0.18      0.15      2237
         22       0.07      0.01      0.02      2237
         23       0.05      0.01      0.01      2236
         24       0.10      0.02      0.04      2236
         25       0.07      0.03      0.04      2237

avg / total       0.10      0.14      0.10     55913

###############################################################################
Árbol de decisión (Decision Tree) - score general: 0.11399853343587359
Matríz de confusión:
[[2098    0    0    0    0    0    0   16    0    4    0    0    0    0
     0    0    0   18    0    0  100    0    0    0    0]
 [2026    0    0    0    0    0    0    7   20    2    0    0    0    0
     0    0    0   90    0    0   91    0    0    0    0]
 [1847    0    0    0    0    0    0    0  104   28    0    0    0    0
     0    0    0  105    0    0  152    0    0    0    0]
 [1736    0    0    0    0    0    0   18   71   84    0    0    0    0
     0    0    0  136    0    0  192    0    0    0    0]
 [1775    0    0    0    0    0    0   82  132   77    0    0    0    0
     0    0    0  161    0    0   10    0    0    0    0]
 [1771    0    0    0    0    0    0   97  162  145    0    0    0    0
     0    0    0    9    0    0   52    0    0    0    0]
 [1713    0    0    0    0    0    0  129    6  149    0    0    0    0
     0    0    0   58    0    0  182    0    0    0    0]
 [1652    0    0    0    0    0    0  157   49   11    0    0    0    0
     0    0    0  174    0    0  194    0    0    0    0]
 [1728    0    0    0    0    0    0    5  197   55    0    0    0    0
     0    0    0  190    0    0   61    0    0    0    0]
 [1592    0    0    0    0    0    0   42  220  187    0    0    0    0
     0    0    0   51    0    0  144    0    0    0    0]
 [1615    0    0    0    0    0    0    0   62    0  408    0    0    0
     0    0    0  151    0    0    1    0    0    0    0]
 [1831    0    0    0    0    0    0    0  153    0   59  188    0    0
     0    0    0    1    0    0    4    0    0    0    0]
 [1840    0    0    0    0    0    0    0    3    0  165    0    0   61
     0    0    0    5    0    0  162    0    0    0    0]
 [1921    0    0    0    0    0    0    0    5    0    1    0    0  142
     0    0    0  155    0    0   12    0    0    0    0]
 [2024    0    0    0    0    0    0    0  149    0    3    0    0    2
     0    0    0   19    0    0   40    0    0    0    0]
 [1998    0    0    0    0    0    0    0   12    0  167    0    0    7
     0    0    0   30    0    0   23    0    0    0    0]
 [1770    0    0    0    0    0    0    0   27    0   15    0    0  149
     0    0    0   12    0    0  263    0    0    0    0]
 [1793    0    0    0    0    0    0    0   20    0   39    0    0   13
     0    0    0  285    0    0   87    0    0    0    0]
 [1703    0    0    0    0    0    0    0    0    0   19    0    0   27
     0    0    0  116  295    0   77    0    0    0    0]
 [1743    0    0    0    0    0    0    0    0    0    0    0    0   15
     0    0    0   88  103  268   20    0    0    0    0]
 [1447    0    0    0    0    0    0    0    0    0    0    0    0    0
     0    0    0   19  107    0  664    0    0    0    0]
 [1674    0    0    0    0    0    0    0    0    0    0    0    0    0
     0    0    0    0   16    0  106  441    0    0    0]
 [1800    0    0    0    0    0    0    0    0    0    0    0    0    0
     0    0    0    3    0    0   39    0  394    0    0]
 [1872    0    0    0    0    0    0    0    7    0    0    0    0    0
     0    0    0   14    0    0    4    0   20  319    0]
 [1876    0    0    0    0    0    0    0   15    7    0    0    0    0
     0    0    0    7    0    0    1    0    0    0  331]]
Reporte de resultados:
             precision    recall  f1-score   support

          1       0.05      0.94      0.09      2236
          2       0.00      0.00      0.00      2236
          3       0.00      0.00      0.00      2236
          4       0.00      0.00      0.00      2237
          5       0.00      0.00      0.00      2237
          6       0.00      0.00      0.00      2236
          7       0.00      0.00      0.00      2237
          8       0.28      0.07      0.11      2237
          9       0.14      0.09      0.11      2236
         10       0.25      0.08      0.13      2236
         11       0.47      0.18      0.26      2237
         12       1.00      0.08      0.16      2236
         13       0.00      0.00      0.00      2236
         14       0.34      0.06      0.11      2236
         15       0.00      0.00      0.00      2237
         16       0.00      0.00      0.00      2237
         17       0.00      0.00      0.00      2236
         18       0.15      0.13      0.14      2237
         19       0.57      0.13      0.21      2237
         20       1.00      0.12      0.21      2237
         21       0.25      0.30      0.27      2237
         22       1.00      0.20      0.33      2237
         23       0.95      0.18      0.30      2236
         24       1.00      0.14      0.25      2236
         25       1.00      0.15      0.26      2237

avg / total       0.34      0.11      0.12     55913

###############################################################################
Bosques aleatorios (Random Forest) - score general: 0.14755065905961046
Matríz de confusión:
[[ 709  148  100  308   65    1    5   13   86    6    1    3  213    9
    58    5    2   16   23    1   14   25  320   78   27]
 [  41  546  257  945  135    1    2   11   31    5    3    3   49    5
    55    3    1    7    7    5   10   20   14   69   11]
 [  44  192  325 1344  161    3    6   10   23    1    4    1   32    0
    21    3    2    9   13   10    8    5   10    7    2]
 [  17  156  178 1458  241    4    4    7    1    2    6    1    4    8
     5    2    8    0    5   17   71    0    2    8   32]
 [  28  110  157 1215  202    8   14    9   20    1    6   10   19    3
     8    1   23    2   11   41  231   10   14    9   85]
 [  87   87  124  671  133    4   51   28   67    6   12   23  112   18
    21    0   15   27   31  120  276   78   84   24  137]
 [  96  108   76  330   76    7   74   71  136   10    5   34  195   33
    36    5    5   21   40  138  274  126  170   34  137]
 [ 115   95   54  192   40    4   49  101  241   18   11   39  259   50
    53    2    2   16   34   92  206  130  234   51  149]
 [ 158   89   44  167   39    5   32   81  379   13    4   26  420   13
    69    6    1   24   47  118   30  132  257   66   16]
 [ 124  198   86  292   65    9   39   52  227   21   25   29  185   29
    65    4    6   26   41  217  161   32  159   74   70]
 [  44  172  122  367   84   11   20   34   69    7   25   22   71   27
    39    3   19    7   13  231  444   66   38   51  251]
 [  79   80   57  212   45    6   32   44  164   12   11   70  310   44
    39    2   11   30   37  107  221  153  211   60  199]
 [ 153   68   48  153   27    5   24   58  221    5   11   41  605   37
    55    2    3   16   21   49   64  109  312   78   71]
 [ 144  150   62  183   43    4   31   46  188   10   12   41  330  133
    71    4   11   16   24   70  169   61  169   71  193]
 [ 150  236  141  351   55    3   17   39  185   12    2   16  350   18
   143   10    2   30   31   72   11  103  158   99    3]
 [ 157  204  163  453  111   12   32   38  148   13   12   12  236    5
    79   13    1   33   41  225   61    8   98   68   14]
 [   3  250  144  588  118    2    5    7    8    5   30    8   11   14
    12    1   38    3    8  334  435    7    2   12  191]
 [ 137  135  144  429   92    4   20   42  173   18    7   20  285    8
    57    8    3   49   55  208   56  127   94   45   21]
 [ 160  133   85  442   92    4   31   42  196   18    5   13  244    9
    42   11    4   41   64  219  108   35  162   32   45]
 [  36  261  140  581  123   20   17   16   61   14   21    5   48    6
    41    6   18    9   20  476  166   54   22   41   35]
 [  27   85   93  373   96    6   17    8   28    6   17   16   35   14
    11    5   29    8   13  272  753   39   42    9  235]
 [ 144   70   47  154   37    5   16   17  104    9   11   28  154   35
    30    6    6   16   18   77  105  409  566   62  111]
 [ 222   48   34  101   26    2   11   10  108    7    3   26  186   21
    47    5    3    9   17   40   71  129  943   56  111]
 [ 232  214   79  200   41    8   10   22  117   14   16   14  184   19
    82    5    1    9   15   81   51  137  449  173   63]
 [ 164  151   88  225   66    5   10   12   42   11   26   18   76   25
    47    2   11    5   12   66  312   69  198   59  537]]
Reporte de resultados:
             precision    recall  f1-score   support

          1       0.22      0.32      0.26      2236
          2       0.14      0.24      0.18      2236
          3       0.11      0.15      0.13      2236
          4       0.12      0.65      0.21      2237
          5       0.09      0.09      0.09      2237
          6       0.03      0.00      0.00      2236
          7       0.13      0.03      0.05      2237
          8       0.12      0.05      0.07      2237
          9       0.13      0.17      0.14      2236
         10       0.09      0.01      0.02      2236
         11       0.09      0.01      0.02      2237
         12       0.13      0.03      0.05      2236
         13       0.13      0.27      0.18      2236
         14       0.23      0.06      0.09      2236
         15       0.12      0.06      0.08      2237
         16       0.11      0.01      0.01      2237
         17       0.17      0.02      0.03      2236
         18       0.11      0.02      0.04      2237
         19       0.10      0.03      0.04      2237
         20       0.14      0.21      0.17      2237
         21       0.17      0.34      0.23      2237
         22       0.20      0.18      0.19      2237
         23       0.20      0.42      0.27      2236
         24       0.13      0.08      0.10      2236
         25       0.20      0.24      0.22      2237

avg / total       0.14      0.15      0.11     55913

###############################################################################













usuario@DESKTOP-7K6MB66 MINGW64 ~/Desktop/tp/fuentes-exp-2
$ python experimento04.py > salida04-1.txt
C:\Users\usuario\Desktop\tp\fuentes\env\lib\site-packages\h5py\__init__.py:36: FutureWarning: Conversion of the second argument of issubdtype from `float` to `np.floating` is deprecated. In future, it will be treated as `np.float64 == np.dtype(float).type`.
  from ._conv import register_converters as _register_converters
Using TensorFlow backend.
C:\Users\usuario\Desktop\tp\fuentes\env\lib\site-packages\sklearn\metrics\classification.py:1135: UndefinedMetricWarning: Precision and F-score are ill-defined and being set to 0.0 in labels with no predicted samples.
  'precision', 'predicted', average, warn_for)
Traceback (most recent call last):
  File "experimento04.py", line 106, in <module>
    clasificador.fit(X_train, y_train)
  File "C:\Users\usuario\Desktop\tp\fuentes\env\lib\site-packages\keras\wrappers\scikit_learn.py", line 209, in fit
    return super(KerasClassifier, self).fit(x, y, **kwargs)
  File "C:\Users\usuario\Desktop\tp\fuentes\env\lib\site-packages\keras\wrappers\scikit_learn.py", line 151, in fit
    history = self.model.fit(x, y, **fit_args)
  File "C:\Users\usuario\Desktop\tp\fuentes\env\lib\site-packages\keras\models.py", line 1002, in fit
    validation_steps=validation_steps)
  File "C:\Users\usuario\Desktop\tp\fuentes\env\lib\site-packages\keras\engine\training.py", line 1630, in fit
    batch_size=batch_size)
  File "C:\Users\usuario\Desktop\tp\fuentes\env\lib\site-packages\keras\engine\training.py", line 1480, in _standardize_user_data
    exception_prefix='target')
  File "C:\Users\usuario\Desktop\tp\fuentes\env\lib\site-packages\keras\engine\training.py", line 123, in _standardize_input_data
    str(data_shape))
ValueError: Error when checking target: expected dense_2 to have shape (3,) but got array with shape (25,)
(./env)


