Vecinos más próximos (Nearest Neighbors) - score general: 0.0011078286558345643
Matríz de confusión:
[[ 1 77 18  7  3  2  0  0  0  0  0  0  0  0  0  0  0  0  0  0  0  0  0  0 0]
 [73  0 22  8  3  2  0  0  0  0  0  0  0  0  0  0  0  0  0  0  0  0  0  0 0]
 [64 31  0  8  3  2  0  0  0  0  0  0  0  0  0  0  0  0  0  0  0  0  0  0 0]
 [51 41 11  0  3  2  0  0  0  0  0  0  0  0  0  0  0  0  0  0  0  0  0  0 0]
 [29 40 28  9  0  2  0  0  0  0  0  0  0  0  0  0  0  0  0  0  0  0  0  0 0]
 [13 23 38 21 11  0  2  0  0  0  0  0  0  0  0  0  0  0  0  0  0  0  0  0 0]
 [ 7  7 25 29 20 13  0  7  1  0  0  0  0  0  0  0  0  0  0  0  0  0  0  0 0]
 [ 2  1  3 10 16 27 35  0 13  1  1  0  0  0  0  0  0  0  0  0  0  0  0  0 0]
 [ 0  1  1  2  1 13 28 46  0 12  4  0  0  0  0  0  0  0  0  0  0  0  0  0 0]
 [ 0  0  1  1  4  8 20 43 28  0  3  0  0  0  0  0  0  0  0  0  0  0  0  0 0]
 [ 0  0  0  2  1  6 15 39 40  4  0  2  0  0  0  0  0  0  0  0  0  0  0  0 0]
 [ 0  0  0  0  1  0  1 14 27 30 15  0 15  4  1  0  0  0  0  0  0  0  0  0 0]
 [ 0  0  0  0  0  0  0  3  2  6 12 40  0 32 12  1  0  0  0  0  0  0  0  0 0]
 [ 0  0  0  0  0  0  1  0  2  1  6 32 40  1 23  2  0  0  0  0  0  0  0  0 0]
 [ 0  0  0  0  0  0  0  0  0  0  2  2 31 41  0 30  1  2  0  0  0  0  0  0 0]
 [ 0  0  0  0  0  0  0  0  1  0  1  5 21 48 29  0  1  2  0  0  0  0  0  0 0]
 [ 0  0  0  0  0  0  0  0  0  0  1  4 16 26 42 15  0  3  1  0  0  0  0  0   0]
 [ 0  0  0  0  0  0  0  0  0  0  0  0  3  8 31 29 15  1 17  3  1  0  0  0   0]
 [ 0  0  0  0  0  0  0  0  0  0  0  0  2  4 13 21 32 33  0  3  1  0  0  0   0]
 [ 0  0  0  0  0  0  0  0  0  0  0  0  2  2 16 16 21 48  3  0  1  0  0  0   0]
 [ 0  0  0  0  0  0  0  0  0  0  0  0  0  4 12 18 27 39  6  2  0  0  0  0   0]
 [11  3  1  0  0  0  0  0  0  0  0  0  0  0  0  1  3 16 26 15 10  0 23  0   0]
 [23 11  4  2  0  0  0  0  0  0  0  1  0  0  0  0  0  5 11  9  7 35  0  0   0]
 [37 16  4  3  2  1  0  0  0  0  0  0  0  0  0  0  0  0  4  6  7 28  0  0   0]
 [40 22  8  2  2  0  0  0  0  0  0  0  0  0  0  0  0  0  1  5  5 24  0  0   0]]
Reporte de resultados:
             precision    recall  f1-score   support

          1       0.00      0.01      0.00       108
          2       0.00      0.00      0.00       108
          3       0.00      0.00      0.00       108
          4       0.00      0.00      0.00       108
          5       0.00      0.00      0.00       108
          6       0.00      0.00      0.00       108
          7       0.00      0.00      0.00       109
          8       0.00      0.00      0.00       109
          9       0.00      0.00      0.00       108
         10       0.00      0.00      0.00       108
         11       0.00      0.00      0.00       109
         12       0.00      0.00      0.00       108
         13       0.00      0.00      0.00       108
         14       0.01      0.01      0.01       108
         15       0.00      0.00      0.00       109
         16       0.00      0.00      0.00       108
         17       0.00      0.00      0.00       108
         18       0.01      0.01      0.01       108
         19       0.00      0.00      0.00       109
         20       0.00      0.00      0.00       109
         21       0.00      0.00      0.00       108
         22       0.00      0.00      0.00       109
         23       0.00      0.00      0.00       108
         24       0.00      0.00      0.00       108
         25       0.00      0.00      0.00       109

avg / total       0.00      0.00      0.00      2708

###############################################################################
Bayesiano ingenuo (Naive Bayes) - score general: 0.0742245199409158
Matríz de confusión:
[[33 17 10  1  1  0  1  0  1  0  0  1  4  4 18  2  1  2  1  0  0  2  1  7   1]
 [30 10 14  7  7  2  0  0  1  1  0  0  4  1  7  4  2  1  2  0  0  1  2 10   2]
 [16 15  8 11 13  6  2  2  4  1  1  1  1  0  4  2  0  3  2  4  1  0  1  4   6]
 [ 3  8 12  6 36 14  6  3  1  1  0  0  0  0  0  0  1  0  4  7  5  0  0  1   0]
 [ 4  5  7 21 19 17  7  2  0  2  0  1  0  0  0  1  0  0  4  3 14  0  0  0   1]
 [ 1  2  5 10 18 13 15  5  0  6  4  2  1  0  0  1  3  0  0  6 14  1  1  0   0]
 [ 0  1  7  9 18 17  6  8  2  9  4  2  1  0  0  2  0  1  3  3  9  1  2  1   3]
 [ 2  0  8  5 12  6 11  0  2 12 12  6  3  1  0  2  4  1  4  4  5  2  1  0   6]
 [ 2  2  3  5  1  6  4  7  2  6 13  9  6  3  3  3  2  3  2  2  4  3  8  5   4]
 [ 1  3  0  5  4  5  5  7  6  3 16  3  7  5  0  2  4  2  5  2  7  5  4  3   4]
 [ 0  2  0  3  9  8  5  5  2 13 15  1  3  5  0  5  5  1  4  5 12  2  2  1   1]
 [ 4  1  0  3  3  0  1  7  7  6  5  4  8  5  6  4  6  3  4  5  2  8  4  7   5]
 [13  1  0  3  0  2  0  0  4  4  0  8  7  9 19  6  4  4  5  1  0  2  5  9   2]
 [ 6  2  0  3  0  1  3  1  4  2  1  6 15  1 20 11  6  3  4  1  1  2  3  7   5]
 [20  4  1  3  0  2  0  1  4  0  0  5 15  7 15  8  3  2  2  1  1  5  4  5   1]
 [10  4  2  3  1  3  1  2  7  4  2  4  7  7 15  0  5  7  7  1  3  4  2  5   2]
 [ 5  2  2  2  2  3  5  1  3  4  9  4  6  1  4  8  6  4  8  4  9  2  4  5   5]
 [ 5  3  3  1  1  6  2  1  4  3  2  6  3  6  9  6  6  3  9  3  6  7  3  2   8]
 [ 4  2  4  5  1  7  1  4  2  3  3  2  2  4  8  4  6  9  2 10  9  2  3  7   5]
 [ 1  1  5  4  6 10  6  3  1  2  5  0  1  0  0  2  8  3 10  4 27  4  2  2   2]
 [ 0  0  3  5 10  9 11  1  0  4  7  0  1  0  0  1  1  2  7 14 27  1  2  1   1]
 [10  4  0  1  0  6  0  2  6  5  4  6  6  1  9  2  6  4  3  3  6  5  8  7   5]
 [18  4  1  1  2  1  2  2  5  2  2  4  5  4 12  2  2  4  3  1  2  9  2 14   4]
 [18  5  5  2  2  0  0  2  0  0  1  7  3  2 12  2  1  3  4  4  4  8 10  6   7]
 [ 9  6  7  3  5  2  3  3  3  1  1  2  3  3  7  3  2  1  4  2  4  7 11 13   4]]
Reporte de resultados:
             precision    recall  f1-score   support

          1       0.15      0.31      0.20       108
          2       0.10      0.09      0.09       108
          3       0.07      0.07      0.07       108
          4       0.05      0.06      0.05       108
          5       0.11      0.18      0.14       108
          6       0.09      0.12      0.10       108
          7       0.06      0.06      0.06       109
          8       0.00      0.00      0.00       109
          9       0.03      0.02      0.02       108
         10       0.03      0.03      0.03       108
         11       0.14      0.14      0.14       109
         12       0.05      0.04      0.04       108
         13       0.06      0.06      0.06       108
         14       0.01      0.01      0.01       108
         15       0.09      0.14      0.11       109
         16       0.00      0.00      0.00       108
         17       0.07      0.06      0.06       108
         18       0.05      0.03      0.03       108
         19       0.02      0.02      0.02       109
         20       0.04      0.04      0.04       109
         21       0.16      0.25      0.19       108
         22       0.06      0.05      0.05       109
         23       0.02      0.02      0.02       108
         24       0.05      0.06      0.05       108
         25       0.05      0.04      0.04       109

avg / total       0.06      0.07      0.07      2708

###############################################################################
SVM Lineal (Linear SVM) - score general: 0.08087149187592318
Matríz de confusión:
[[55 12  1  0  0  0  0  1  1  0  0  1  3  3 12  2  1  0  2  2  0  1  0 10   1]
 [18 22 18  0  0  0  0  1  4  1  2  1  5  3  8  2  2  2  2  2  0  3  3  5   4]
 [ 3 18 15 11  1  5  4  5  7  1  5  1  4  3  6  2  3  4  2  3  2  1  0  0   2]
 [ 0  3 14  8 28 13 11  2  4  2  3  0  2  0  2  0  1  0  3  1 11  0  0  0   0]
 [ 0  2  5 24 17 17 10  1  0  3  1  3  4  1  0  0  0  1  4  0 14  0  0  0   1]
 [ 0  0  5 11 25 12 12  2  0  6  7  0  2  0  0  1  3  0  1  5 14  1  1  0   0]
 [ 0  0  2 11 26 16  6  7  2  3  3  4  3  1  0  3  2  1  0  3  8  2  2  1   3]
 [ 4  0  7  9 17  8  7  1  6  6  8  3  3  0  2  5  3  1  5  4  5  1  0  0   4]
 [10  3  5  7  2  5  3  5  2  7  8  5  3  6  4  1  5  4  4  1  4  3  3  5   3]
 [ 5  4  2  7  6  8  5  5  6  1 10  3  6  5  0  4  3  4  5  3  5  2  2  2   5]
 [ 4  1  2  3 17  8  5  5  2  9  6  1  2  3  0  5  6  1  3  4 12  2  2  2   4]
 [12  3  4  2  9  3  6  4  5  1  5  2  6  5  6  3  3  6  3  3  2  3  1  5   6]
 [27  3  5  4  1  0  0  1  6  1  2  7  6  5 18  2  3  4  1  2  0  1  2  5   2]
 [16  0  1  2  4  3  2  1  3  1  1  3 14  2 17  7  3  6  2  1  0  3  2  9   5]
 [28  4  1  0  2  3  1  0  3  0  2  5 17  3 14  6  1  3  0  0  1  4  5  4   2]
 [15  2  4  8  3  2  4  1  4  0  1  3 10  5  7  0  8  8  2  2  1  7  6  4   1]
 [10  1  4  3  5  4  7  2  7  1  7  4  5  2  0  8  5  3  8  3  7  1  6  4   1]
 [13  6  3  3  2  9  1  2  4  2  3 11  2  6  4  5  4  1 10  1  3  5  3  2   3]
 [ 6  2  5  2  5  5  1  2  6  1  3  4  3  4  6  4  5 10  3  9  8  1  6  2   6]
 [ 2  2  4  4  7 15  9  0  3  3  4  2  2  0  0  1 10  2  4  9 18  3  1  2   2]
 [ 1  1  2  4 16 14  8  2  0  5  6  2  0  1  0  0  2  2  3 15 20  1  1  2   0]
 [18  2  4  0  2  4  4  2  7  0  2  6  7  5  4  3  5  5  5  4  2  4  5  4   5]
 [21  4  3  2  0  2  2  2  5  2  1  4 12  2  8  2  4  3  2  2  2  6  1  9   7]
 [37  7  4  3  0  1  2  0  2  0  0  4  5  2  8  2  0  3  3  2  5  3  3  4   8]
 [14  7  3  4  0  2  4  2  2  0  7  4  6  5  2  1  5  2  3  3  5  6  5 14   3]]
Reporte de resultados:
             precision    recall  f1-score   support

          1       0.17      0.51      0.26       108
          2       0.20      0.20      0.20       108
          3       0.12      0.14      0.13       108
          4       0.06      0.07      0.07       108
          5       0.09      0.16      0.11       108
          6       0.08      0.11      0.09       108
          7       0.05      0.06      0.05       109
          8       0.02      0.01      0.01       109
          9       0.02      0.02      0.02       108
         10       0.02      0.01      0.01       108
         11       0.06      0.06      0.06       109
         12       0.02      0.02      0.02       108
         13       0.05      0.06      0.05       108
         14       0.03      0.02      0.02       108
         15       0.11      0.13      0.12       109
         16       0.00      0.00      0.00       108
         17       0.06      0.05      0.05       108
         18       0.01      0.01      0.01       108
         19       0.04      0.03      0.03       109
         20       0.11      0.08      0.09       109
         21       0.13      0.19      0.16       108
         22       0.06      0.04      0.05       109
         23       0.02      0.01      0.01       108
         24       0.04      0.04      0.04       108
         25       0.04      0.03      0.03       109

avg / total       0.06      0.08      0.07      2708

###############################################################################
Árbol de decisión (Decision Tree) - score general: 0.1307237813884786
Matríz de confusión:
[[104   0   0   3   0   1   0   0   0   0   0   0   0   0   0   0   0   0    0   0   0   0   0   0   0]
 [ 94   0   0   0   0   0   0   0   0   0   0   0   0   0   0   0   0  14    0   0   0   0   0   0   0]
 [102   0   4   0   0   2   0   0   0   0   0   0   0   0   0   0   0   0    0   0   0   0   0   0   0]
 [ 91   0   0  10   0   0   0   0   0   0   0   0   0   0   0   0   0   6    1   0   0   0   0   0   0]
 [ 82   0   0   0  14   0   0   0   0   0   0   0   0   0   0   0   0   7    5   0   0   0   0   0   0]
 [ 77   0   0   0   0  13   0   1   0   6   0   0   0   0   0   0   0   0   11   0   0   0   0   0   0]
 [ 96   0   0   0   0   0   0   4   0   8   0   1   0   0   0   0   0   0    0   0   0   0   0   0   0]
 [ 77   0   0   0   0   0   0   5   0   1   0   4   0   0   0   0   0  22    0   0   0   0   0   0   0]
 [ 71   0   0   0   0   0   0   0   0   0   0  11   0   0   0   0   0   8   18   0   0   0   0   0   0]
 [ 89   0   0   0   0   0   0   0   0  10   0   1   0   0   0   0   0   1    7   0   0   0   0   0   0]
 [ 81   0   0   0   0   0   0   0   0   7  16   0   0   0   0   0   0   5    0   0   0   0   0   0   0]
 [ 70   0   0   0   0   0   0   0   0   1  10  21   0   0   0   0   0   0    6   0   0   0   0   0   0]
 [ 95   0   0   0   0   0   0   0   0   3   2   8   0   0   0   0   0   0    0   0   0   0   0   0   0]
 [ 90   0   0   0   0   0   0   0   0   0   6   1   0   0   0   0   0  11    0   0   0   0   0   0   0]
 [ 93   0   0   0   0   0   0   0   0   0   0   5   0   0   0   0   0   0   11   0   0   0   0   0   0]
 [102   0   0   0   0   0   0   0   0   0   0   0   0   0   0   5   0   0    1   0   0   0   0   0   0]
 [ 93   0   0   0   0   0   0   0   0   0   0   0   0   0   0   1  11   3    0   0   0   0   0   0   0]
 [ 81   0   0   0   0   0   0   0   0   0   0  10   0   0   0   0   1  16    0   0   0   0   0   0   0]
 [ 79   0   0   0   0   0   0   0   0   0   0   2   0   0   0   0   0   1   24   3   0   0   0   0   0]
 [ 82   0   0   0   0   0   0   0   0   0   0   0   0   0   0   0   0   1    0  23   3   0   0   0   0]
 [ 89   0   0   0   0   0   0   0   0   0   0   0   0   0   0   0   0   0    3   0  15   0   0   1   0]
 [ 70   0   0   0   0   0   0   0   0   0   0   0   0   0   0   0   0  15    2   0   0  19   0   3   0]
 [ 87   0   0   0   0   0   0   0   0   0   0   0   0   0   0   0   0   1   18   0   0   0   1   1   0]
 [ 84   0   0   0   0   0   0   0   0   0   0   0   0   0   0   0   0   0    0   0   0   2   0  22   0]
 [ 86   0   0   1   0   0   0   0   0   0   0   0   0   0   0   0   0   1    0   0   0   0   0   0  21]]
Reporte de resultados:
             precision    recall  f1-score   support

          1       0.05      0.96      0.09       108
          2       0.00      0.00      0.00       108
          3       1.00      0.04      0.07       108
          4       0.71      0.09      0.16       108
          5       1.00      0.13      0.23       108
          6       0.81      0.12      0.21       108
          7       0.00      0.00      0.00       109
          8       0.50      0.05      0.08       109
          9       0.00      0.00      0.00       108
         10       0.28      0.09      0.14       108
         11       0.47      0.15      0.22       109
         12       0.33      0.19      0.24       108
         13       0.00      0.00      0.00       108
         14       0.00      0.00      0.00       108
         15       0.00      0.00      0.00       109
         16       0.83      0.05      0.09       108
         17       0.92      0.10      0.18       108
         18       0.14      0.15      0.15       108
         19       0.22      0.22      0.22       109
         20       0.88      0.21      0.34       109
         21       0.83      0.14      0.24       108
         22       0.90      0.17      0.29       109
         23       1.00      0.01      0.02       108
         24       0.81      0.20      0.33       108
         25       1.00      0.19      0.32       109

avg / total       0.51      0.13      0.15      2708

###############################################################################
Bosques aleatorios (Random Forest) - score general: 0.10155096011816839
Matríz de confusión:
[[19  9  3  7  2  3  2  0  4  6  2  7  8  1  5  4  0  3  0  3  3  4  6  4   3]
 [ 7 23 13 13  7  2  1  1  3  3  0  5  5  1  2  4  1  0  1  2  1  4  3  4   2]
 [10 28 10 20  6  4  0  1  2  2  2  4  2  2  0  2  0  1  1  6  1  0  0  1   3]
 [ 0 22 19  9 23  3  3  0  0  3  2  2  0  1  0  2  1  1  0  7  7  0  0  0   3]
 [ 2 11 12 25 14 10  1  1  0  3  4  2  0  1  1  1  0  2  3  4  6  2  0  1   2]
 [ 3  8  8  6 16  1  6  4  4  1  3  3  3  1  4  2  0  3  1  4  9 12  0  2   4]
 [ 3  7  6  3 12  8  4  4  6  2  3  2  8  2  5  0  2  0  1  2 10 10  3  2   4]
 [ 4  4  3  6 10  6  2  9 11  9  3  2  3  2  4  1  1  5  0  0  6  6  4  5   3]
 [ 3  3  5  3  6  1  3 11  5 13  4  5  6  7  6  5  0  4  1  3  1  5  2  6   0]
 [ 4  5  6  9  7  2  2  6  6 11  8  4  8  2  2  1  0  2  0  4  8  2  2  4   3]
 [ 2  3  4  8  8  6  3  4  5  9  4  4  3  3  4  2  1  4  1  5 18  1  1  6   0]
 [ 7  3  3  1  4  1  1  4  1  4  7  4 12  7  4  6  2  4  1  5  8 10  1  6   2]
 [ 4  0  3  3  2  1  0  1  8  3  1 10 14 12  8  5  0  2  2  2  2 15  5  3   2]
 [ 2  0  2  2  2  1  8  2  4  5  4  9 13  9 10  3  1  1  2  1  3  7  5  7   5]
 [ 4  2  1  3  2  2  2  5  4  3  0  8 14 13 13  5  1  2  3  4  2  5  3  7   1]
 [ 4  3  4  3  1  3  2  0  8  2  2  6  6  7 11  4  4  3  1 18  7  1  3  3   2]
 [ 3  3  4  5  2  0  1  2  1  4  3  2  5  5  5  5  6  4  3  9 28  0  1  3   4]
 [ 3  4  0  6  1  4  2  7  2  3  1  5  6  2  5  4  3  7  4 17  7 14  0  1   0]
 [ 4  1  3  4  3  5  4  5  4  6  1  2  9  5  3  8  4  3  2 12 15  2  1  3   0]
 [ 0  0  5  4  6  4  0  3  1  3  2  2  4  5  1  5  3  4  4 19 27  0  0  4   3]
 [ 1  1  2  1  6  1  0  1  0  4  6  0  1  1  1  1  2  3  2 17 48  1  2  2   4]
 [ 5  3  1  2  1  4  3  3  2  1  6  2 10  4  2  2  1  7  0  8  7  8 13 10   4]
 [ 5  2  0  2  3  1  0  2  2  2  4  6 11  5  3  2  0  0  0  6  6 16 14 14   2]
 [ 9  3  0  3  3  2  4  1  5  4  2  1  9  1  5  1  0  4  0  7  5  7 13 13   6]
 [ 6 10  2  3  6  2  0  3  0  6  5  1  2  5  3  1  1  1  0  3 21  5  5 13   5]]
Reporte de resultados:
             precision    recall  f1-score   support

          1       0.17      0.18      0.17       108
          2       0.15      0.21      0.17       108
          3       0.08      0.09      0.09       108
          4       0.06      0.08      0.07       108
          5       0.09      0.13      0.11       108
          6       0.01      0.01      0.01       108
          7       0.07      0.04      0.05       109
          8       0.11      0.08      0.10       109
          9       0.06      0.05      0.05       108
         10       0.10      0.10      0.10       108
         11       0.05      0.04      0.04       109
         12       0.04      0.04      0.04       108
         13       0.09      0.13      0.10       108
         14       0.09      0.08      0.08       108
         15       0.12      0.12      0.12       109
         16       0.05      0.04      0.04       108
         17       0.18      0.06      0.08       108
         18       0.10      0.06      0.08       108
         19       0.06      0.02      0.03       109
         20       0.11      0.17      0.14       109
         21       0.19      0.44      0.26       108
         22       0.06      0.07      0.07       109
         23       0.16      0.13      0.14       108
         24       0.10      0.12      0.11       108
         25       0.07      0.05      0.06       109

avg / total       0.10      0.10      0.09      2708

###############################################################################
Red Neuronal (Neural Network, NN) - score general: 0.03988183161004431
Matríz de confusión:
[[  0 108   0   0   0   0   0   0   0   0   0   0   0   0   0   0   0   0    0   0   0   0   0   0   0]
 [  0 108   0   0   0   0   0   0   0   0   0   0   0   0   0   0   0   0    0   0   0   0   0   0   0]
 [  0 108   0   0   0   0   0   0   0   0   0   0   0   0   0   0   0   0    0   0   0   0   0   0   0]
 [  0 108   0   0   0   0   0   0   0   0   0   0   0   0   0   0   0   0    0   0   0   0   0   0   0]
 [  0 108   0   0   0   0   0   0   0   0   0   0   0   0   0   0   0   0    0   0   0   0   0   0   0]
 [  0 108   0   0   0   0   0   0   0   0   0   0   0   0   0   0   0   0    0   0   0   0   0   0   0]
 [  0 109   0   0   0   0   0   0   0   0   0   0   0   0   0   0   0   0    0   0   0   0   0   0   0]
 [  0 109   0   0   0   0   0   0   0   0   0   0   0   0   0   0   0   0    0   0   0   0   0   0   0]
 [  0 108   0   0   0   0   0   0   0   0   0   0   0   0   0   0   0   0    0   0   0   0   0   0   0]
 [  0 108   0   0   0   0   0   0   0   0   0   0   0   0   0   0   0   0    0   0   0   0   0   0   0]
 [  0 109   0   0   0   0   0   0   0   0   0   0   0   0   0   0   0   0    0   0   0   0   0   0   0]
 [  0 108   0   0   0   0   0   0   0   0   0   0   0   0   0   0   0   0    0   0   0   0   0   0   0]
 [  0 108   0   0   0   0   0   0   0   0   0   0   0   0   0   0   0   0
    0   0   0   0   0   0   0]
 [  0 108   0   0   0   0   0   0   0   0   0   0   0   0   0   0   0   0
    0   0   0   0   0   0   0]
 [  0 109   0   0   0   0   0   0   0   0   0   0   0   0   0   0   0   0
    0   0   0   0   0   0   0]
 [  0 108   0   0   0   0   0   0   0   0   0   0   0   0   0   0   0   0
    0   0   0   0   0   0   0]
 [  0 108   0   0   0   0   0   0   0   0   0   0   0   0   0   0   0   0
    0   0   0   0   0   0   0]
 [  0 108   0   0   0   0   0   0   0   0   0   0   0   0   0   0   0   0
    0   0   0   0   0   0   0]
 [  0 109   0   0   0   0   0   0   0   0   0   0   0   0   0   0   0   0
    0   0   0   0   0   0   0]
 [  0 109   0   0   0   0   0   0   0   0   0   0   0   0   0   0   0   0
    0   0   0   0   0   0   0]
 [  0 108   0   0   0   0   0   0   0   0   0   0   0   0   0   0   0   0
    0   0   0   0   0   0   0]
 [  0 109   0   0   0   0   0   0   0   0   0   0   0   0   0   0   0   0
    0   0   0   0   0   0   0]
 [  0 108   0   0   0   0   0   0   0   0   0   0   0   0   0   0   0   0
    0   0   0   0   0   0   0]
 [  0 108   0   0   0   0   0   0   0   0   0   0   0   0   0   0   0   0
    0   0   0   0   0   0   0]
 [  0 109   0   0   0   0   0   0   0   0   0   0   0   0   0   0   0   0
    0   0   0   0   0   0   0]]
Reporte de resultados:
             precision    recall  f1-score   support

          1       0.00      0.00      0.00       108
          2       0.04      1.00      0.08       108
          3       0.00      0.00      0.00       108
          4       0.00      0.00      0.00       108
          5       0.00      0.00      0.00       108
          6       0.00      0.00      0.00       108
          7       0.00      0.00      0.00       109
          8       0.00      0.00      0.00       109
          9       0.00      0.00      0.00       108
         10       0.00      0.00      0.00       108
         11       0.00      0.00      0.00       109
         12       0.00      0.00      0.00       108
         13       0.00      0.00      0.00       108
         14       0.00      0.00      0.00       108
         15       0.00      0.00      0.00       109
         16       0.00      0.00      0.00       108
         17       0.00      0.00      0.00       108
         18       0.00      0.00      0.00       108
         19       0.00      0.00      0.00       109
         20       0.00      0.00      0.00       109
         21       0.00      0.00      0.00       108
         22       0.00      0.00      0.00       109
         23       0.00      0.00      0.00       108
         24       0.00      0.00      0.00       108
         25       0.00      0.00      0.00       109

avg / total       0.00      0.04      0.00      2708

###############################################################################
NN Recurrente con LSTM (RNN with LSTM) - score general: 0.03988183161004431
Matríz de confusión:
[[  0 108   0   0   0   0   0   0   0   0   0   0   0   0   0   0   0   0
    0   0   0   0   0   0   0]
 [  0 108   0   0   0   0   0   0   0   0   0   0   0   0   0   0   0   0
    0   0   0   0   0   0   0]
 [  0 108   0   0   0   0   0   0   0   0   0   0   0   0   0   0   0   0
    0   0   0   0   0   0   0]
 [  0 108   0   0   0   0   0   0   0   0   0   0   0   0   0   0   0   0
    0   0   0   0   0   0   0]
 [  0 108   0   0   0   0   0   0   0   0   0   0   0   0   0   0   0   0
    0   0   0   0   0   0   0]
 [  0 108   0   0   0   0   0   0   0   0   0   0   0   0   0   0   0   0
    0   0   0   0   0   0   0]
 [  0 109   0   0   0   0   0   0   0   0   0   0   0   0   0   0   0   0
    0   0   0   0   0   0   0]
 [  0 109   0   0   0   0   0   0   0   0   0   0   0   0   0   0   0   0
    0   0   0   0   0   0   0]
 [  0 108   0   0   0   0   0   0   0   0   0   0   0   0   0   0   0   0
    0   0   0   0   0   0   0]
 [  0 108   0   0   0   0   0   0   0   0   0   0   0   0   0   0   0   0
    0   0   0   0   0   0   0]
 [  0 109   0   0   0   0   0   0   0   0   0   0   0   0   0   0   0   0
    0   0   0   0   0   0   0]
 [  0 108   0   0   0   0   0   0   0   0   0   0   0   0   0   0   0   0
    0   0   0   0   0   0   0]
 [  0 108   0   0   0   0   0   0   0   0   0   0   0   0   0   0   0   0
    0   0   0   0   0   0   0]
 [  0 108   0   0   0   0   0   0   0   0   0   0   0   0   0   0   0   0
    0   0   0   0   0   0   0]
 [  0 109   0   0   0   0   0   0   0   0   0   0   0   0   0   0   0   0
    0   0   0   0   0   0   0]
 [  0 108   0   0   0   0   0   0   0   0   0   0   0   0   0   0   0   0
    0   0   0   0   0   0   0]
 [  0 108   0   0   0   0   0   0   0   0   0   0   0   0   0   0   0   0
    0   0   0   0   0   0   0]
 [  0 108   0   0   0   0   0   0   0   0   0   0   0   0   0   0   0   0
    0   0   0   0   0   0   0]
 [  0 109   0   0   0   0   0   0   0   0   0   0   0   0   0   0   0   0
    0   0   0   0   0   0   0]
 [  0 109   0   0   0   0   0   0   0   0   0   0   0   0   0   0   0   0
    0   0   0   0   0   0   0]
 [  0 108   0   0   0   0   0   0   0   0   0   0   0   0   0   0   0   0
    0   0   0   0   0   0   0]
 [  0 109   0   0   0   0   0   0   0   0   0   0   0   0   0   0   0   0
    0   0   0   0   0   0   0]
 [  0 108   0   0   0   0   0   0   0   0   0   0   0   0   0   0   0   0
    0   0   0   0   0   0   0]
 [  0 108   0   0   0   0   0   0   0   0   0   0   0   0   0   0   0   0
    0   0   0   0   0   0   0]
 [  0 109   0   0   0   0   0   0   0   0   0   0   0   0   0   0   0   0
    0   0   0   0   0   0   0]]
Reporte de resultados:
             precision    recall  f1-score   support

          1       0.00      0.00      0.00       108
          2       0.04      1.00      0.08       108
          3       0.00      0.00      0.00       108
          4       0.00      0.00      0.00       108
          5       0.00      0.00      0.00       108
          6       0.00      0.00      0.00       108
          7       0.00      0.00      0.00       109
          8       0.00      0.00      0.00       109
          9       0.00      0.00      0.00       108
         10       0.00      0.00      0.00       108
         11       0.00      0.00      0.00       109
         12       0.00      0.00      0.00       108
         13       0.00      0.00      0.00       108
         14       0.00      0.00      0.00       108
         15       0.00      0.00      0.00       109
         16       0.00      0.00      0.00       108
         17       0.00      0.00      0.00       108
         18       0.00      0.00      0.00       108
         19       0.00      0.00      0.00       109
         20       0.00      0.00      0.00       109
         21       0.00      0.00      0.00       108
         22       0.00      0.00      0.00       109
         23       0.00      0.00      0.00       108
         24       0.00      0.00      0.00       108
         25       0.00      0.00      0.00       109

avg / total       0.00      0.04      0.00      2708

###############################################################################
