Vecinos más próximos (Nearest Neighbors) - score general: 0.021606648199445983
Matríz de confusión:
[[104  96  15   0   0   0   0   0   0   0   0   0   0   0   0   0   0   0    0   0   0   0   0   1   0]
 [174   9  30   3   0   0   0   0   0   0   0   0   0   0   0   0   0   0    0   0   0   0   0   0   0]
 [147  63   1   6   0   0   0   0   0   0   0   0   0   0   0   0   0   0    0   0   0   0   0   0   0]
 [126  80  11   0   0   0   0   0   0   0   0   0   0   0   0   0   0   0    0   0   0   0   0   0   0]
 [ 93  83  33   7   0   1   0   0   0   0   0   0   0   0   0   0   0   0    0   0   0   0   0   0   0]
 [ 25  68  55  47  15   0   6   0   0   0   0   0   0   0   0   0   0   0    0   0   0   0   0   0   0]
 [ 10  23  45  55  43  31   0   9   1   0   0   0   0   0   0   0   0   0    0   0   0   0   0   0   0]
 [  0   7  17  15  34  56  53   0  30   4   0   1   0   0   0   0   0   0    0   0   0   0   0   0   0]
 [  0   0   0   5   6  29  42  87   0  38   3   6   0   0   0   0   0   0    0   0   0   0   0   0   0]
 [  0   0   0   4   1  19  40  99  44   0   5   4   0   0   0   0   0   0    0   0   0   0   0   0   0]
 [  0   0   0   2   2  12  21  76  79  18   0   7   0   0   0   0   0   0    0   0   0   0   0   0   0]
 [  0   0   1   0   0   0   4  12  74  43  33   0  34  13   2   0   0   0    0   0   0   0   0   0   0]
 [  0   0   0   0   0   0   0   1  16  25  21  69   0  61  19   4   1   0    0   0   0   0   0   0   0]
 [  0   0   0   0   0   0   0   0   2   9   6  50 102   0  35  10   1   1    0   0   0   0   0   0   0]
 [  0   0   0   0   0   0   0   0   1   0   3   6  48  76   0  65  13   4    1   0   0   0   0   0   0]
 [  0   0   0   0   0   0   0   0   0   0   2   4  39  85  67   0  14   5    1   0   0   0   0   0   0]
 [  0   0   0   0   0   0   0   0   0   0   2   1  22  69  97  18   0   6    1   0   0   0   0   0   0]
 [  0   0   0   0   0   0   0   0   0   0   1   0   2  13  42  64  37   0   54   2   2   0   0   0   0]
 [  0   0   0   0   0   0   0   0   0   0   0   0   2  10  21  39  65  74    0   4   2   0   0   0   0]
 [  0   0   0   0   0   0   0   0   0   0   0   0   1   6  18  41  53  86    7   0   5   0   0   0   0]
 [  0   0   0   0   0   0   0   0   0   0   0   0   0   4  17  35  57  88   13   3   0   0   0   0   0]
 [ 27   5   0   0   0   0   0   0   0   0   0   1   0   0   1   4   1  37   37  39  16   1  45   3   0]
 [ 58  11   3   0   0   0   0   1   1   0   0   0   0   0   2   2   2   6   13  22  13  78   2   2   0]
 [ 86  19  10   5   1   0   0   0   0   0   0   0   0   0   0   0   1   1    7  10  10  64   2   0   0]
 [110  27  11   8   3   1   0   0   0   0   0   0   0   0   0   0   0   0    5   3  12  32   3   2   0]]
Reporte de resultados:
             precision    recall  f1-score   support

          1       0.11      0.48      0.18       216
          2       0.02      0.04      0.03       216
          3       0.00      0.00      0.00       217
          4       0.00      0.00      0.00       217
          5       0.00      0.00      0.00       217
          6       0.00      0.00      0.00       216
          7       0.00      0.00      0.00       217
          8       0.00      0.00      0.00       217
          9       0.00      0.00      0.00       216
         10       0.00      0.00      0.00       216
         11       0.00      0.00      0.00       217
         12       0.00      0.00      0.00       216
         13       0.00      0.00      0.00       217
         14       0.00      0.00      0.00       216
         15       0.00      0.00      0.00       217
         16       0.00      0.00      0.00       217
         17       0.00      0.00      0.00       216
         18       0.00      0.00      0.00       217
         19       0.00      0.00      0.00       217
         20       0.00      0.00      0.00       217
         21       0.00      0.00      0.00       217
         22       0.01      0.00      0.01       217
         23       0.04      0.01      0.01       216
         24       0.00      0.00      0.00       216
         25       0.00      0.00      0.00       217

avg / total       0.01      0.02      0.01      5415

###############################################################################
Bayesiano ingenuo (Naive Bayes) - score general: 0.06371191135734072
Matríz de confusión:
[[55 18 14 10  7  9 12  1  1  0  1  0 13 10 34  3  2  2  1  1  2  1  3  8   8]
 [62  6 18 13 17 10  6  4  1  1  2  2 13  5 20 10  1  2  2  1  3  3  2  5   7]
 [31 16 12  8 21 26  7  2  4  1  6  4  8  6 11  3  5  2  2  3 10  7  3  8  11]
 [15 14  6 11 24 27 16  1  2  3  7  5  6  3  7  7  9  2  6  5 22  2  1  4  12]
 [17  8  5 18 26 18 22  5  5  2 11  3  3  3  7  3 10  1  5  3 33  0  1  1   7]
 [10  6  8 13 28 18 26  6  5  5 12  3  8  2  5  3  4  4  8  2 29  4  0  1   6]
 [ 8  4  3 10 21 24 11  7  6  4 22  5 10  4  5  6  7  3  6  4 31  4  1  5   6]
 [ 9  2  5  9 21 16 25  0  6  4 16  9 11  4  6  4 15  2  6  6 23  6  3  4   5]
 [ 9  2  0  4  8  8 14  6  5  8 15 15 15 10 13  8  7  5 10  8  9  7 10  9  11]
 [ 4  5  4  9  7  8 20 10 14  6 24  2 10  7  6  6 11  4  9  9 18  7  1  5  10]
 [ 2  0  1  3  7  8 22 13  3 11 14 11  8 11  7  3 11  4  9 11 34  8  5  3   8]
 [ 4  1  3  1  2  5  7  7 13  8 15  5 26 15 13  6  9  6  9 10  4 16 11 13   7]
 [15  2  2  4  0  1  4  5 10  6  6 15 16 22 43  5  5  6  7  3  0  6 15  9  10]
 [14  2  0  5  0  0  4  6  3  3  1 11 29 17 40  9 12  7  5  1  0  9 11 13  14]
 [33  8  2  1  1  0  0  2  3  1  2  6 40 24 31 11  8 13  2  1  0  7  8 10   3]
 [13  7  2  1  1  1  3  2  7  6  6  7 15 11 33 11 21 18 11  5  3  9 10  7   7]
 [ 0  5 13 10  8  2  8  5 12  6  8  9 11 11 16  6  8 17 17  8 12  7  5  8   4]
 [ 4  9 14  9  2  2  6  3  5  2  3 10 17 13 21  8 17 11 12  7  7  8  8 10   9]
 [ 3  4  7 15 11  6 10  5 10  7 12  4  8  5  8  3 18 14  8 16 13  9 10  4   7]
 [ 1  1  8 15 20  7 25  1  2  5 11  3  3  1  2  5 21  9 16  8 38  6  0  3   6]
 [ 1  0  0 12 32 14 30  6  2  5 15  3  1  1  0  0 16  2  9 18 36  3  1  3   7]
 [15 15 12  6  5  3  9  6  3  5  5 14 19  9 16  5  4  8  3  7  5  9 12 12  10]
 [26  9  7 10  8  3  5  2  2  1  9 11 12  5 14  4  7  5  4  6 11 10  6 20  19]
 [38 11  6  9  6  4  4  3  4  3  9  7 13  9 16  8  5  1  6  4  9  5 13 10  13]
 [26 14  9 12 13 11  7  2  3  2 14  8  7  6 13  6  5  7  4  4  9  2 11 17   5]]
Reporte de resultados:
             precision    recall  f1-score   support

          1       0.13      0.25      0.17       216
          2       0.04      0.03      0.03       216
          3       0.07      0.06      0.06       217
          4       0.05      0.05      0.05       217
          5       0.09      0.12      0.10       217
          6       0.08      0.08      0.08       216
          7       0.04      0.05      0.04       217
          8       0.00      0.00      0.00       217
          9       0.04      0.02      0.03       216
         10       0.06      0.03      0.04       216
         11       0.06      0.06      0.06       217
         12       0.03      0.02      0.03       216
         13       0.05      0.07      0.06       217
         14       0.08      0.08      0.08       216
         15       0.08      0.14      0.10       217
         16       0.08      0.05      0.06       217
         17       0.03      0.04      0.04       216
         18       0.07      0.05      0.06       217
         19       0.05      0.04      0.04       217
         20       0.05      0.04      0.04       217
         21       0.10      0.17      0.12       217
         22       0.06      0.04      0.05       217
         23       0.04      0.03      0.03       216
         24       0.05      0.05      0.05       216
         25       0.02      0.02      0.02       217

avg / total       0.06      0.06      0.06      5415

###############################################################################
SVM Lineal (Linear SVM) - score general: 0.07239150507848569
Matríz de confusión:
[[33  6  8  5  1 11  9  1  3  4  8  5 23 11 44  2  0  1  4  1  9  5  3  7
  12]
 [33  2  8  3 10 13  9  6  8  4  7  9 24  7 27  3  6  0  1  1 12  4  6  5
   8]
 [20  4  3  7 10 21  7  4  6  4 19  5 13  8 12  6  6  5  1  3 19  9  9  8
   8]
 [ 7  2  5  8 18 36  6  7  7  4 16  2 11  5  9  5  6  0  6  8 31  5  3  4
   6]
 [ 8  3  1 16 19 26 18  6  3  3 18  5  6  3  8  1  5  2  7 12 36  2  2  2
   5]
 [ 8  4  3  9 18 22 22 12  5  4 22  5  7  2  9  2  4  6  6  5 33  3  1  1
   3]
 [ 6  3  2 12 14 25  9  7  8  5 22  5 11  2  6 11  9  7  4  3 36  4  3  0
   3]
 [ 4  2  4  9 21 20 18  0  8  6 20  9  8  3 11  8 12  4  7  4 20  8  1  5
   5]
 [ 8  4  1  3  6  7  8  8  6  8 19 15 19  7 20 13  9  9  6  7 11  5  5  5
   7]
 [ 3  2  5  6 10  9 13 11 14  7 20  7 10  5  8 15 10  4 15  5 18  9  3  3
   4]
 [ 2  0  2  6 20  8  9 11  7  9 17  9  4  9 11 14 10  7 13  9 25  3  2  1
   9]
 [ 3  2  2  1  3  4  5  6 15  4 11 14 24 19 22  8 12  7 16  6  7 12  5  1
   7]
 [12  4  2  2  0  1  2  5  7  8  8 20 27 18 55  7  2  6  7  2  0  7  8  4
   3]
 [11  8  0  3  1  1  4  2  5  0  0 19 30 21 45 16  7 11  1  3  1 11  4  6
   6]
 [15  2  2  0  1  0  0  0  5  0  3  7 47 22 60 19  4 10  5  0  0  4  3  6
   2]
 [ 2  0  0  1  0  0  1  4  7  5  8  8 25 19 34 23 19 22 11  7  1  8  6  3
   3]
 [ 2  1  3  1  5  4  6  4 15  7  9 15 11  7 11 29 10 14 18 15 13  7  5  1
   3]
 [ 5  1  2  1  2  1  7  6 11  4  6 12 27 12 24 23 15  8 14  8  7  9  4  3
   5]
 [ 0  0  4  5  7  8  3  6 13  7 15 11 17  5 11  7 22 11 14 16 23  4  3  3
   2]
 [ 1  0  0  4 13 11 15 11  5  8 16  3  2  2  2  9 24  3 21 12 44  2  1  2
   6]
 [ 1  0  1  7 30 22 11  9  4  2 17  3  4  0  0  3 14  2 17 14 52  1  1  0
   2]
 [11  4  1  3  5  4  6  7  6  4 10 16 25 22 19  8  6 10  7  5  6  8  8  8
   8]
 [22  1  2  2  5  5  9  2  4  4  9  8 22 16 18  7  9  7  7  4 13  5  7  9
  19]
 [21  7  8  5  1  4  6  5  3  4 13  5 20 16 31  9  3  5  5  6  7  4  7  6
  15]
 [15  4  7  6  4 10 12  2  9  2 18  6 19 16 22  9  7  9  4  1 19  4  2  6
   4]]
Reporte de resultados:
             precision    recall  f1-score   support

          1       0.13      0.15      0.14       216
          2       0.03      0.01      0.01       216
          3       0.04      0.01      0.02       217
          4       0.06      0.04      0.05       217
          5       0.08      0.09      0.09       217
          6       0.08      0.10      0.09       216
          7       0.04      0.04      0.04       217
          8       0.00      0.00      0.00       217
          9       0.03      0.03      0.03       216
         10       0.06      0.03      0.04       216
         11       0.05      0.08      0.06       217
         12       0.06      0.06      0.06       216
         13       0.06      0.12      0.08       217
         14       0.08      0.10      0.09       216
         15       0.12      0.28      0.16       217
         16       0.09      0.11      0.10       217
         17       0.04      0.05      0.04       216
         18       0.05      0.04      0.04       217
         19       0.06      0.06      0.06       217
         20       0.08      0.06      0.06       217
         21       0.12      0.24      0.16       217
         22       0.06      0.04      0.04       217
         23       0.07      0.03      0.04       216
         24       0.06      0.03      0.04       216
         25       0.03      0.02      0.02       217

avg / total       0.06      0.07      0.06      5415

###############################################################################
Árbol de decisión (Decision Tree) - score general: 0.0866112650046168
Matríz de confusión:
[[213   0   0   2   0   0   0   0   0   1   0   0   0   0   0   0   0   0
    0   0   0   0   0   0   0]
 [214   1   0   0   0   0   0   0   0   0   1   0   0   0   0   0   0   0
    0   0   0   0   0   0   0]
 [203   0   0   0   0   0   0   0   0   0   0   0   0   0   0   0   0   0
   14   0   0   0   0   0   0]
 [184   0   0  20   0   0   0   0   0  11   0   0   0   0   0   0   0   0
    1   0   1   0   0   0   0]
 [178   0   0   0  13   0   0   0   0   4  12   0   0   0   0   0   0   0
    9   0   1   0   0   0   0]
 [193   0   0   0   0   0   0   0   0  15   2   0   0   0   0   0   0   0
    6   0   0   0   0   0   0]
 [185   0   0   0   0   0   0   0   0  12  17   0   0   0   0   0   0   0
    2   1   0   0   0   0   0]
 [201   0   0   0   0   0   0   0   0   0  13   0   0   0   0   0   0   0
    3   0   0   0   0   0   0]
 [197   0   0   0   0   0   0   0   0   0   2   0   0   0   0   0   1   0
   16   0   0   0   0   0   0]
 [181   0   0   0   0   0   0   0   0  25   0   0   0   0   0   0   0   0
   10   0   0   0   0   0   0]
 [170   0   0   0   0   0   0   0   0  10  36   0   0   0   0   0   0   0
    1   0   0   0   0   0   0]
 [190   0   0   0   0   0   0   0   0   2  11   8   0   0   0   0   0   0
    5   0   0   0   0   0   0]
 [202   0   0   0   0   0   0   0   0  10   1   3   0   0   0   0   0   0
    1   0   0   0   0   0   0]
 [205   0   0   0   0   0   0   0   0   0   6   5   0   0   0   0   0   0
    0   0   0   0   0   0   0]
 [203   0   0   0   0   0   0   0   0   0   1   0   0   0   0   0   0   0
   13   0   0   0   0   0   0]
 [197   0   0   0   0   0   0   0   0  13   0   0   0   0   0   3   0   0
    4   0   0   0   0   0   0]
 [189   0   0   0   0   0   0   0   0   0  10   0   0   0   0   0  15   0
    2   0   0   0   0   0   0]
 [213   0   0   0   0   0   0   0   0   0   1   0   0   0   0   0   0   0
    2   1   0   0   0   0   0]
 [192   0   0   0   0   0   0   0   0   0   1   0   0   0   0   0   2   0
   22   0   0   0   0   0   0]
 [185   0   0   0   0   0   0   0   0   0   1   0   0   0   0   0   0   0
    2  29   0   0   0   0   0]
 [171   0   0   0   0   0   0   0   0   0   0   0   0   0   0   0   0   0
    5   0  41   0   0   0   0]
 [211   0   0   0   0   0   0   0   0   0   0   0   0   0   0   0   0   0
    3   2   0   1   0   0   0]
 [189   0   0   0   0   0   0   0   0   0   1   0   0   0   0   0   0   0
   20   0   1   2   3   0   0]
 [189   0   0   0   0   0   0   0   0   0   0   0   0   0   0   0   0   0
    0  12   0   1   0  14   0]
 [191   0   0   0   0   0   0   0   0   0   0   0   0   0   0   0   0   0
    1   0   0   0   0   0  25]]
Reporte de resultados:
             precision    recall  f1-score   support

          1       0.04      0.99      0.08       216
          2       1.00      0.00      0.01       216
          3       0.00      0.00      0.00       217
          4       0.91      0.09      0.17       217
          5       1.00      0.06      0.11       217
          6       0.00      0.00      0.00       216
          7       0.00      0.00      0.00       217
          8       0.00      0.00      0.00       217
          9       0.00      0.00      0.00       216
         10       0.24      0.12      0.16       216
         11       0.31      0.17      0.22       217
         12       0.50      0.04      0.07       216
         13       0.00      0.00      0.00       217
         14       0.00      0.00      0.00       216
         15       0.00      0.00      0.00       217
         16       1.00      0.01      0.03       217
         17       0.83      0.07      0.13       216
         18       0.00      0.00      0.00       217
         19       0.15      0.10      0.12       217
         20       0.64      0.13      0.22       217
         21       0.93      0.19      0.31       217
         22       0.25      0.00      0.01       217
         23       1.00      0.01      0.03       216
         24       1.00      0.06      0.12       216
         25       1.00      0.12      0.21       217

avg / total       0.43      0.09      0.08      5415

###############################################################################
Bosques aleatorios (Random Forest) - score general: 0.0938134810710988
Matríz de confusión:
[[  0 151   1   0   0   2   3   1   8   3   5   2   0   0   8   1   0   4
    0   6   8   1   0   3   9]
 [  1 137   1   0   1   2   2   1   9   2   0   0   0   0  23   0   1  15
    0  10   5   2   0   2   2]
 [  1 114   1   0   1   5   0   1  10   7   0   4   0   0  21   2   1  14
    4  19   4   0   0   7   1]
 [  1  62   3   1   4   9   4   1   8  15   6   4   1   1  20   1   2  20
    4  18  20   3   0   4   5]
 [  0  32   1   2  12  11   6   4   8   3  20  12   4   3  15   0   1   9
    1  19  30   1   5   7  11]
 [  0  29   1   0   8  11   5   2  11  13  12   8   1   3  19   0   2  18
    2  24  21   0   6   7  13]
 [  0  32   0   1   7   5   8   6   3   4  23   7   2   2  15   0   1   6
    1  16  49   0   3  11  15]
 [  0  35   0   0   2   3   7   3   6   7  19  15   1   5  12   1   1  15
    0  11  38   0   6   7  23]
 [  1  59   4   0   2   6   3   3   6  26   8   9   0   2  21   0   0  13
    5  16  14   1   7   8   2]
 [  1  39   1   0   2   5   5   5  11  26  10   7   2   1  18   1   0  15
    1  26  15   2   6   9   8]
 [  0  17   0   0   6   7   6   3   2   9  27  18   1   2   5   0   1   4
    2  13  52   0   4   5  33]
 [  1  28   0   2   5   4   6   3   7   5  21  18   8   4  14   0   2  10
    1  16  30   0   2  11  18]
 [  1  63   1   0   3   3   8   1   4  13  11  14   2   0  24   0   0   8
    0  15  12   1   6  12  15]
 [  0  63   1   0   3   3   4   4   7   7  12  19   0   3  14   0   1   7
    2   8  22   1   8   9  18]
 [  0 120   2   1   1   5   1   2   7   7   1   2   0   1  38   1   0  15
    0   5   1   0   2   3   2]
 [  2  96   2   0   1   9   5   1   2   8   3   9   0   0  28   1   1  10
    1  20   3   0   0  14   1]
 [  2  53   1   1   9   3   4   3   4   4  14  12   2   3  18   1   3  11
    0   8  35   0   0   5  20]
 [  0  94   1   0   5   3   2   1  10   7   3  10   1   0  25   0   0  15
    2  14   6   3   4   4   7]
 [  0  73   1   0   2   4   3   1  15  16   9   5   1   2  26   0   0  15
    5  19   7   6   5   1   1]
 [  1  40   2   0   4  11   5   0  12  23   8   3   0   1  14   0   0  13
    3  39  10   6   5  15   2]
 [  1   8   0   0   6   3   7   2   5   2  16  17   2   0   7   0   2   4
    3   9  77   9   4   2  31]
 [  1  55   0   0   1   2   6   5  13  11  10  12   3   2  13   1   2   6
    0  16  22  13   4   5  14]
 [  0  37   1   1   2   6   7   2  11  15   9   7   3   3  26   1   1   8
    2  13  19  15   5   9  13]
 [  0  58   2   0   2   8   8   1   5  12   4  15   1   0  20   0   0   9
    0  22  10  17   2  14   6]
 [  1  26   1   0   4   7   0   3   0   2  11  17   2   4   8   0   1   7
    2   3  61   3   3   8  43]]
Reporte de resultados:
             precision    recall  f1-score   support

          1       0.00      0.00      0.00       216
          2       0.09      0.63      0.16       216
          3       0.04      0.00      0.01       217
          4       0.11      0.00      0.01       217
          5       0.13      0.06      0.08       217
          6       0.08      0.05      0.06       216
          7       0.07      0.04      0.05       217
          8       0.05      0.01      0.02       217
          9       0.03      0.03      0.03       216
         10       0.11      0.12      0.11       216
         11       0.10      0.12      0.11       217
         12       0.07      0.08      0.08       216
         13       0.05      0.01      0.02       217
         14       0.07      0.01      0.02       216
         15       0.08      0.18      0.11       217
         16       0.09      0.00      0.01       217
         17       0.13      0.01      0.03       216
         18       0.06      0.07      0.06       217
         19       0.12      0.02      0.04       217
         20       0.10      0.18      0.13       217
         21       0.13      0.35      0.20       217
         22       0.15      0.06      0.09       217
         23       0.06      0.02      0.03       216
         24       0.08      0.06      0.07       216
         25       0.14      0.20      0.16       217

avg / total       0.09      0.09      0.07      5415

###############################################################################
Red Neuronal (Neural Network, NN) - score general: 0.039889196675900275
Matríz de confusión:
[[  0 216   0   0   0   0   0   0   0   0   0   0   0   0   0   0   0   0
    0   0   0   0   0   0   0]
 [  0 216   0   0   0   0   0   0   0   0   0   0   0   0   0   0   0   0
    0   0   0   0   0   0   0]
 [  0 217   0   0   0   0   0   0   0   0   0   0   0   0   0   0   0   0
    0   0   0   0   0   0   0]
 [  0 217   0   0   0   0   0   0   0   0   0   0   0   0   0   0   0   0
    0   0   0   0   0   0   0]
 [  0 217   0   0   0   0   0   0   0   0   0   0   0   0   0   0   0   0
    0   0   0   0   0   0   0]
 [  0 216   0   0   0   0   0   0   0   0   0   0   0   0   0   0   0   0
    0   0   0   0   0   0   0]
 [  0 217   0   0   0   0   0   0   0   0   0   0   0   0   0   0   0   0
    0   0   0   0   0   0   0]
 [  0 217   0   0   0   0   0   0   0   0   0   0   0   0   0   0   0   0
    0   0   0   0   0   0   0]
 [  0 216   0   0   0   0   0   0   0   0   0   0   0   0   0   0   0   0
    0   0   0   0   0   0   0]
 [  0 216   0   0   0   0   0   0   0   0   0   0   0   0   0   0   0   0
    0   0   0   0   0   0   0]
 [  0 217   0   0   0   0   0   0   0   0   0   0   0   0   0   0   0   0
    0   0   0   0   0   0   0]
 [  0 216   0   0   0   0   0   0   0   0   0   0   0   0   0   0   0   0
    0   0   0   0   0   0   0]
 [  0 217   0   0   0   0   0   0   0   0   0   0   0   0   0   0   0   0
    0   0   0   0   0   0   0]
 [  0 216   0   0   0   0   0   0   0   0   0   0   0   0   0   0   0   0
    0   0   0   0   0   0   0]
 [  0 217   0   0   0   0   0   0   0   0   0   0   0   0   0   0   0   0
    0   0   0   0   0   0   0]
 [  0 217   0   0   0   0   0   0   0   0   0   0   0   0   0   0   0   0
    0   0   0   0   0   0   0]
 [  0 216   0   0   0   0   0   0   0   0   0   0   0   0   0   0   0   0
    0   0   0   0   0   0   0]
 [  0 217   0   0   0   0   0   0   0   0   0   0   0   0   0   0   0   0
    0   0   0   0   0   0   0]
 [  0 217   0   0   0   0   0   0   0   0   0   0   0   0   0   0   0   0
    0   0   0   0   0   0   0]
 [  0 217   0   0   0   0   0   0   0   0   0   0   0   0   0   0   0   0
    0   0   0   0   0   0   0]
 [  0 217   0   0   0   0   0   0   0   0   0   0   0   0   0   0   0   0
    0   0   0   0   0   0   0]
 [  0 217   0   0   0   0   0   0   0   0   0   0   0   0   0   0   0   0
    0   0   0   0   0   0   0]
 [  0 216   0   0   0   0   0   0   0   0   0   0   0   0   0   0   0   0
    0   0   0   0   0   0   0]
 [  0 216   0   0   0   0   0   0   0   0   0   0   0   0   0   0   0   0
    0   0   0   0   0   0   0]
 [  0 217   0   0   0   0   0   0   0   0   0   0   0   0   0   0   0   0
    0   0   0   0   0   0   0]]
Reporte de resultados:
             precision    recall  f1-score   support

          1       0.00      0.00      0.00       216
          2       0.04      1.00      0.08       216
          3       0.00      0.00      0.00       217
          4       0.00      0.00      0.00       217
          5       0.00      0.00      0.00       217
          6       0.00      0.00      0.00       216
          7       0.00      0.00      0.00       217
          8       0.00      0.00      0.00       217
          9       0.00      0.00      0.00       216
         10       0.00      0.00      0.00       216
         11       0.00      0.00      0.00       217
         12       0.00      0.00      0.00       216
         13       0.00      0.00      0.00       217
         14       0.00      0.00      0.00       216
         15       0.00      0.00      0.00       217
         16       0.00      0.00      0.00       217
         17       0.00      0.00      0.00       216
         18       0.00      0.00      0.00       217
         19       0.00      0.00      0.00       217
         20       0.00      0.00      0.00       217
         21       0.00      0.00      0.00       217
         22       0.00      0.00      0.00       217
         23       0.00      0.00      0.00       216
         24       0.00      0.00      0.00       216
         25       0.00      0.00      0.00       217

avg / total       0.00      0.04      0.00      5415

###############################################################################
NN Recurrente con LSTM (RNN with LSTM) - score general: 0.039889196675900275
Matríz de confusión:
[[  0 216   0   0   0   0   0   0   0   0   0   0   0   0   0   0   0   0
    0   0   0   0   0   0   0]
 [  0 216   0   0   0   0   0   0   0   0   0   0   0   0   0   0   0   0
    0   0   0   0   0   0   0]
 [  0 217   0   0   0   0   0   0   0   0   0   0   0   0   0   0   0   0
    0   0   0   0   0   0   0]
 [  0 217   0   0   0   0   0   0   0   0   0   0   0   0   0   0   0   0
    0   0   0   0   0   0   0]
 [  0 217   0   0   0   0   0   0   0   0   0   0   0   0   0   0   0   0
    0   0   0   0   0   0   0]
 [  0 216   0   0   0   0   0   0   0   0   0   0   0   0   0   0   0   0
    0   0   0   0   0   0   0]
 [  0 217   0   0   0   0   0   0   0   0   0   0   0   0   0   0   0   0
    0   0   0   0   0   0   0]
 [  0 217   0   0   0   0   0   0   0   0   0   0   0   0   0   0   0   0
    0   0   0   0   0   0   0]
 [  0 216   0   0   0   0   0   0   0   0   0   0   0   0   0   0   0   0
    0   0   0   0   0   0   0]
 [  0 216   0   0   0   0   0   0   0   0   0   0   0   0   0   0   0   0
    0   0   0   0   0   0   0]
 [  0 217   0   0   0   0   0   0   0   0   0   0   0   0   0   0   0   0
    0   0   0   0   0   0   0]
 [  0 216   0   0   0   0   0   0   0   0   0   0   0   0   0   0   0   0
    0   0   0   0   0   0   0]
 [  0 217   0   0   0   0   0   0   0   0   0   0   0   0   0   0   0   0
    0   0   0   0   0   0   0]
 [  0 216   0   0   0   0   0   0   0   0   0   0   0   0   0   0   0   0
    0   0   0   0   0   0   0]
 [  0 217   0   0   0   0   0   0   0   0   0   0   0   0   0   0   0   0
    0   0   0   0   0   0   0]
 [  0 217   0   0   0   0   0   0   0   0   0   0   0   0   0   0   0   0
    0   0   0   0   0   0   0]
 [  0 216   0   0   0   0   0   0   0   0   0   0   0   0   0   0   0   0
    0   0   0   0   0   0   0]
 [  0 217   0   0   0   0   0   0   0   0   0   0   0   0   0   0   0   0
    0   0   0   0   0   0   0]
 [  0 217   0   0   0   0   0   0   0   0   0   0   0   0   0   0   0   0
    0   0   0   0   0   0   0]
 [  0 217   0   0   0   0   0   0   0   0   0   0   0   0   0   0   0   0
    0   0   0   0   0   0   0]
 [  0 217   0   0   0   0   0   0   0   0   0   0   0   0   0   0   0   0
    0   0   0   0   0   0   0]
 [  0 217   0   0   0   0   0   0   0   0   0   0   0   0   0   0   0   0
    0   0   0   0   0   0   0]
 [  0 216   0   0   0   0   0   0   0   0   0   0   0   0   0   0   0   0
    0   0   0   0   0   0   0]
 [  0 216   0   0   0   0   0   0   0   0   0   0   0   0   0   0   0   0
    0   0   0   0   0   0   0]
 [  0 217   0   0   0   0   0   0   0   0   0   0   0   0   0   0   0   0
    0   0   0   0   0   0   0]]
Reporte de resultados:
             precision    recall  f1-score   support

          1       0.00      0.00      0.00       216
          2       0.04      1.00      0.08       216
          3       0.00      0.00      0.00       217
          4       0.00      0.00      0.00       217
          5       0.00      0.00      0.00       217
          6       0.00      0.00      0.00       216
          7       0.00      0.00      0.00       217
          8       0.00      0.00      0.00       217
          9       0.00      0.00      0.00       216
         10       0.00      0.00      0.00       216
         11       0.00      0.00      0.00       217
         12       0.00      0.00      0.00       216
         13       0.00      0.00      0.00       217
         14       0.00      0.00      0.00       216
         15       0.00      0.00      0.00       217
         16       0.00      0.00      0.00       217
         17       0.00      0.00      0.00       216
         18       0.00      0.00      0.00       217
         19       0.00      0.00      0.00       217
         20       0.00      0.00      0.00       217
         21       0.00      0.00      0.00       217
         22       0.00      0.00      0.00       217
         23       0.00      0.00      0.00       216
         24       0.00      0.00      0.00       216
         25       0.00      0.00      0.00       217

avg / total       0.00      0.04      0.00      5415

###############################################################################
